           1           1           1           1   1513.2896464400060     
           1           1           1           2   1494.8630040063390     
           1           1           1           3   1481.4159621913332     
           1           1           1           4   1457.5674703985324     
           1           1           1           5   1438.8046574026891     
           1           1           1           6   1420.6927738268023     
           1           1           1           7   1401.3063892349896     
           1           1           1           8   1382.6703097344655     
           1           1           1           9   1364.7585121290901     
           1           1           1          10   1345.8626309626177     
           1           1           1          11   1329.3928948717598     
           1           1           1          12   1310.4875608211821     
           1           1           1          13   1292.4845376055034     
           1           1           1          14   1275.3498404363834     
           1           1           2           1   1494.8585141948322     
           1           1           2           2   1476.6565018130125     
           1           1           2           3   1463.3733861631806     
           1           1           2           4   1439.8156193109680     
           1           1           2           5   1421.2815342136780     
           1           1           2           6   1403.3904433035339     
           1           1           2           7   1384.2403880692445     
           1           1           2           8   1365.8314912491517     
           1           1           2           9   1348.1380468894959     
           1           1           2          10   1329.4725153066590     
           1           1           2          11   1313.2035528711453     
           1           1           2          12   1294.5286834257026     
           1           1           2          13   1276.7451251230436     
           1           1           2          14   1259.8193074761768     
           1           1           3           1   1476.7627220520849     
           1           1           3           2   1458.7812487145245     
           1           1           3           3   1445.6590737746392     
           1           1           3           4   1422.3867371259719     
           1           1           3           5   1404.0772142939511     
           1           1           3           6   1386.4028949359126     
           1           1           3           7   1367.4848649906423     
           1           1           3           8   1349.2990133652931     
           1           1           3           9   1331.8199455706606     
           1           1           3          10   1313.3805684139338     
           1           1           3          11   1297.3087231189368     
           1           1           3          12   1278.8601210308286     
           1           1           3          13   1261.2920307234444     
           1           1           3          14   1244.5712884655879     
           1           1           4           1   1458.9941677293943     
           1           1           4           2   1441.2292413796251     
           1           1           4           3   1428.2650939050443     
           1           1           4           4   1405.2730207890629     
           1           1           4           5   1387.1839953450151     
           1           1           4           6   1369.7225236858221     
           1           1           4           7   1351.0323190653421     
           1           1           4           8   1333.0654752240550     
           1           1           4           9   1315.7969034992502     
           1           1           4          10   1297.5795870809272     
           1           1           4          11   1281.7012908530337     
           1           1           4          12   1263.4748603947169     
           1           1           4          13   1246.1183378395949     
           1           1           4          14   1229.5989588492373     
           1           1           5           1   1441.5449926832612     
           1           1           5           2   1423.9927172357195     
           1           1           5           3   1411.1837540175366     
           1           1           5           4   1388.4669019724572     
           1           1           5           5   1370.5944067605017     
           1           1           5           6   1353.3419532779797     
           1           1           5           7   1334.8754749869145     
           1           1           5           8   1317.1236985799546     
           1           1           5           9   1300.0618357183623     
           1           1           5          10   1282.0625847644924     
           1           1           5          11   1266.3743553080326     
           1           1           5          12   1248.3660992146310     
           1           1           5          13   1231.2173379318522     
           1           1           5          14   1214.8956993280176     
           1           1           6           1   1424.4075733442380     
           1           1           6           2   1407.0641458113462     
           1           1           6           3   1394.4075915798494     
           1           1           6           4   1371.9610386347335     
           1           1           6           5   1354.3012012950824     
           1           1           6           6   1337.2540279743221     
           1           1           6           7   1319.0072749636313     
           1           1           6           8   1301.4667197966744     
           1           1           6           9   1284.6078690876589     
           1           1           6          10   1266.8227837920115     
           1           1           6          11   1251.3212220212915     
           1           1           6          12   1233.5272385431113     
           1           1           6          13   1216.5825230090406     
           1           1           6          14   1200.4550884798598     
           1           1           7           1   1407.5745127184250     
           1           1           7           2   1390.4362204404899     
           1           1           7           3   1377.9293658436520     
           1           1           7           4   1355.7483069332454     
           1           1           7           5   1338.2973470815839     
           1           1           7           6   1321.4518046921760     
           1           1           7           7   1303.4208709447905     
           1           1           7           8   1286.0877821773684     
           1           1           7           9   1269.4283347135952     
           1           1           7          10   1251.8536078970646     
           1           1           7          11   1236.5353954604905     
           1           1           7          12   1218.9518755210156     
           1           1           7          13   1202.2075784619485     
           1           1           7          14   1186.2708956888453     
           1           1           8           1   1391.0386323378611     
           1           1           8           2   1374.1018503115047     
           1           1           8           3   1361.7420499653902     
           1           1           8           4   1339.8217934724773     
           1           1           8           5   1322.5760199796784     
           1           1           8           6   1305.9285454497947     
           1           1           8           7   1288.1096171699430     
           1           1           8           8   1270.9803286135350     
           1           1           8           9   1254.5167606940888     
           1           1           8          10   1237.1486750651438     
           1           1           8          11   1222.0105719574158     
           1           1           8          12   1204.6337964123823     
           1           1           8          13   1188.0863761944581     
           1           1           8          14   1172.3370743679566     
           1           1           9           1   1374.7929645432882     
           1           1           9           2   1358.0541528443525     
           1           1           9           3   1345.8388234524421     
           1           1           9           4   1324.1747878724761     
           1           1           9           5   1307.1305962404911     
           1           1           9           6   1290.6777101238299     
           1           1           9           7   1273.0670630257205     
           1           1           9           8   1256.1379945373972     
           1           1           9           9   1239.8668651627199     
           1           1           9          10   1222.7017906747017     
           1           1           9          11   1207.7406329334440     
           1           1           9          12   1190.5669699268562     
           1           1           9          13   1174.2129680382536     
           1           1           9          14   1158.6477554616240     
           1           1          10           1   1358.8307450836796     
           1           1          10           2   1342.2864463806989     
           1           1          10           3   1330.2130649193350     
           1           1          10           4   1308.8007756422962     
           1           1          10           5   1291.9546454722770     
           1           1          10           6   1275.6929495040342     
           1           1          10           7   1258.2869461958519     
           1           1          10           8   1241.5546011635183     
           1           1          10           9   1225.4725496183830     
           1           1          10          10   1208.5069409197190     
           1           1          10          11   1193.7196384030640     
           1           1          10          12   1176.7455408161150     
           1           1          10          13   1160.5815794377490     
           1           1          10          14   1145.1972412148759     
           1           1          11           1   1343.1454060177236     
           1           1          11           2   1326.7922431722893     
           1           1          11           3   1314.8583451395082     
           1           1          11           4   1293.6934313441959     
           1           1          11           5   1277.0419238930999     
           1           1          11           6   1260.9680986313240     
           1           1          11           7   1243.7631860906322     
           1           1          11           8   1227.2241490061326     
           1           1          11           9   1211.3278925270899     
           1           1          11          10   1194.5582865005654     
           1           1          11          11   1179.9418207423894     
           1           1          11          12   1163.1638237315385     
           1           1          11          13   1147.1866033926301     
           1           1          11          14   1131.9799991966790     
           2           1           1           1   1259.0515420574961     
           2           1           1           2   1243.5596548282006     
           2           1           1           3   1226.4675328079509     
           2           1           1           4   1211.5082951575773     
           2           1           1           5   1196.3439495155992     
           2           1           1           6   1182.1250133200999     
           2           1           1           7   1168.8180250519035     
           2           1           1           8   1155.5374026477291     
           2           1           1           9   1143.2330979274416     
           2           1           1          10   1131.1484846576313     
           2           1           2           1   1243.7196924474258     
           2           1           2           2   1228.4166579695875     
           2           1           2           3   1211.5328961363437     
           2           1           2           4   1196.7560178100878     
           2           1           2           5   1181.7765317430330     
           2           1           2           6   1167.7309300986722     
           2           1           2           7   1154.5861592820963     
           2           1           2           8   1141.4674328316555     
           2           1           2           9   1129.3131222917668     
           2           1           2          10   1117.3758250010355     
           2           1           3           1   1228.6667383495158     
           2           1           3           2   1213.5491172233753     
           2           1           3           3   1196.8699209089534     
           2           1           3           4   1182.2720807700505     
           2           1           3           5   1167.4740876085984     
           2           1           3           6   1153.5986637422425     
           2           1           3           7   1140.6131560708886     
           2           1           3           8   1127.6533771247573     
           2           1           3           9   1115.6463290726736     
           2           1           3          10   1103.8536648454724     
           2           1           4           1   1213.8859427285768     
           2           1           4           2   1198.9503787440606     
           2           1           4           3   1182.4720450628877     
           2           1           4           4   1168.0500023036959     
           2           1           4           5   1153.4302168088930     
           2           1           4           6   1139.7218903009054     
           2           1           4           7   1126.8927629247275     
           2           1           4           8   1114.0890543481210     
           2           1           4           9   1102.2266031631023     
           2           1           4          10   1090.5759539759042     
           2           1           5           1   1199.3707711697652     
           2           1           5           2   1184.6139888010148     
           2           1           5           3   1168.3329038858233     
           2           1           5           4   1154.0834956084768     
           2           1           5           5   1139.6387115192363     
           2           1           5           6   1126.0944760038947     
           2           1           5           7   1113.4189153770924     
           2           1           5           8   1100.7684692020221     
           2           1           5           9   1089.0480133452568     
           2           1           5          10   1077.5368241121669     
           2           1           6           1   1185.1148845942716     
           2           1           6           2   1170.5336865843369     
           2           1           6           3   1154.4463229214186     
           2           1           6           4   1140.3664618056127     
           2           1           6           5   1126.0935494745104     
           2           1           6           6   1112.7104704232033     
           2           1           6           7   1100.1857302296107     
           2           1           6           8   1087.6858055843988     
           2           1           6           9   1076.1048056807090     
           2           1           6          10   1064.7305823694485     
           2           1           7           1   1171.1121322793513     
           2           1           7           2   1156.7033973113641     
           2           1           7           3   1140.8063111711542     
           2           1           7           4   1126.8929832253766     
           2           1           7           5   1112.7888873390737     
           2           1           7           6   1099.5640999228387     
           2           1           7           7   1087.1874990755480     
           2           1           7           8   1074.8354201884108     
           2           1           7           9   1063.3913971766310     
           2           1           7          10   1052.1517049919166     
           2           1           8           1   1157.3565451682393     
           2           1           8           2   1143.1172256193970     
           2           1           8           3   1127.4070545784828     
           2           1           8           4   1113.6573169712469     
           2           1           8           5   1099.7190543519750     
           2           1           8           6   1086.6497613800645     
           2           1           8           7   1074.4186820922203     
           2           1           8           8   1062.2118363658876     
           2           1           8           9   1050.9023697150240     
           2           1           8          10   1039.7948313465947     
           2           1           9           1   1143.8423294562419     
           2           1           9           2   1129.7694492312137     
           2           1           9           3   1114.2429097819556     
           2           1           9           4   1100.6538887497072     
           2           1           9           5   1086.8785462345124     
           2           1           9           6   1073.9620161658477     
           2           1           9           7   1061.8739020896353     
           2           1           9           8   1049.8097382440496     
           2           1           9           9   1038.6324642325019     
           2           1           9          10   1027.6547581650889     
           2           1          10           1   1130.5638604400056     
           2           1          10           2   1116.6545128805024     
           2           1          10           3   1101.3083981246584     
           2           1          10           4   1087.8772869532252     
           2           1          10           5   1074.2620193477310     
           2           1          10           6   1061.4955843722585     
           2           1          10           7   1049.5479388033198     
           2           1          10           8   1037.6239650835894     
           2           1          10           9   1026.5765751388867     
           2           1          10          10   1015.7264340215579     
           2           1          11           1   1117.5156766176892     
           2           1          11           2   1103.7670224850551     
           2           1          11           3   1088.5981999080075     
           2           1          11           4   1075.3222569845707     
           2           1          11           5   1061.8642850882582     
           2           1          11           6   1049.2453392753312     
           2           1          11           7   1037.4357234199072     
           2           1          11           8   1025.6495058669043     
           2           1          11           9   1014.7297449634118     
           2           1          11          10   1004.0049540359239     
