   1.2866967750727369     
  0.10819870346037914     
  0.53306825347380216     
   2.2651263567815088     
   1.9073172741267033     
  0.32687106586191839     
  0.99529966842308060     
   3.0162231930882140     
  0.15910316416835996     
   2.2513729383849337     
  0.18330913632851573     
  0.28601276918005863     
   2.4971119610213455     
  0.22748388963216090     
   1.0127069328973872     
 -0.39338338718264909     
   2.5058519899810228     
  -5.6220374463642760E-002
   1.7338281422043849     
   3.1098751241590512E-002
  0.29433147283689415     
