           1           1           1           1   1495.8050519259477     
           1           1           1           2   1477.5957395357912     
           1           1           1           3   1464.3072956554388     
           1           1           1           4   1440.7400770221775     
           1           1           1           5   1422.1985537622552     
           1           1           1           6   1404.3002810151454     
           1           1           1           7   1385.1425366118726     
           1           1           1           8   1366.7262462190040     
           1           1           1           9   1349.0256937072384     
           1           1           1          10   1330.3526613064732     
           1           1           1          11   1314.0771592524413     
           1           1           1          12   1295.3947808418429     
           1           1           1          13   1277.6040696273751     
           1           1           1          14   1260.6714418571232     
           1           1           1          15   1244.5653470367399     
           1           1           1          16   1229.2561514039821     
           1           1           1          17   1212.3655896722250     
           1           1           1          18   1197.5827579013337     
           1           1           1          19   1182.5972346855626     
           1           1           1          20   1168.5459702981279     
           1           1           1          21   1155.3958981242970     
           1           1           1          22   1142.2718790181632     
           1           1           1          23   1130.1126632433004     
           1           1           1          24   1118.1705466839749     
           1           1           2           1   1477.7050263361216     
           1           1           2           2   1459.7162206839189     
           1           1           2           3   1446.5886939579962     
           1           1           2           4   1423.3068637963338     
           1           1           2           5   1404.9898700103631     
           1           1           2           6   1387.3083371978039     
           1           1           2           7   1368.3825842822193     
           1           1           2           8   1350.1893066328216     
           1           1           2           9   1332.7030995364271     
           1           1           2          10   1314.2561887456427     
           1           1           2          11   1298.1777752686908     
           1           1           2          12   1279.7216314750708     
           1           1           2          13   1262.1463571270872     
           1           1           2          14   1245.4187751648710     
           1           1           2          15   1229.5077171640100     
           1           1           2          16   1214.3839082211532     
           1           1           2          17   1197.6978826411953     
           1           1           2          18   1183.0940633990826     
           1           1           2          19   1168.2900071220665     
           1           1           2          20   1154.4088962060989     
           1           1           2          21   1141.4180644676487     
           1           1           2          22   1128.4529702387701     
           1           1           2          23   1116.4409960230130     
           1           1           2          24   1104.6434920060733     
           1           1           3           1   1459.9320190235599     
           1           1           3           2   1442.1597329375850     
           1           1           3           3   1429.1902136855774     
           1           1           3           4   1406.1886116444562     
           1           1           3           5   1388.0920874260962     
           1           1           3           6   1370.6233754923203     
           1           1           3           7   1351.9254192341373     
           1           1           3           8   1333.9511218516104     
           1           1           3           9   1316.6753844165892     
           1           1           3          10   1298.4505065485096     
           1           1           3          11   1282.5656179325354     
           1           1           3          12   1264.3316180287120     
           1           1           3          13   1246.9678850645496     
           1           1           3          14   1230.4416413183208     
           1           1           3          15   1214.7220935268560     
           1           1           3          16   1199.7803191567098     
           1           1           3          17   1183.2951313572792     
           1           1           3          18   1168.8670877860507     
           1           1           3          19   1154.2412172115296     
           1           1           3          20   1140.5271830993975     
           1           1           3          21   1127.6927124565889     
           1           1           3          22   1114.8836694724866     
           1           1           3          23   1103.0162744389575     
           1           1           3          24   1091.3607681258798     
           1           1           4           1   1442.4781879505792     
           1           1           4           2   1424.9185299563885     
           1           1           4           3   1412.1041783338567     
           1           1           4           4   1389.3777679172322     
           1           1           4           5   1371.4977508030408     
           1           1           4           6   1354.2380347545511     
           1           1           4           7   1335.7637810046415     
           1           1           4           8   1318.0045281968128     
           1           1           4           9   1300.9354776920165     
           1           1           4          10   1282.9286421928273     
           1           1           4          11   1267.2338002552031     
           1           1           4          12   1249.2179516963290     
           1           1           4          13   1232.0619581295050     
           1           1           4          14   1215.7334339937456     
           1           1           4          15   1200.2019544442596     
           1           1           4          16   1185.4389429842779     
           1           1           4          17   1169.1509833591736     
           1           1           4          18   1154.8955562891333     
           1           1           4          19   1140.4446689341282     
           1           1           4          20   1126.8947088015623     
           1           1           4          21   1114.2137890219069     
           1           1           4          22   1101.5579926203231     
           1           1           4          23   1089.8325782919728     
           1           1           4          24   1078.3165176030634     
           1           1           5           1   1425.3359250969227     
           1           1           5           2   1407.9850965589337     
           1           1           5           3   1395.3231404715523     
           1           1           5           4   1372.8670053389349     
           1           1           5           5   1355.1996273978118     
           1           1           5           6   1338.1451734938007     
           1           1           5           7   1319.8906257769279     
           1           1           5           8   1302.3425757451685     
           1           1           5           9   1285.4765196837698     
           1           1           5          10   1267.6838312019472     
           1           1           5          11   1252.1756407387047     
           1           1           5          12   1234.3740462296341     
           1           1           5          13   1217.4220807771851     
           1           1           5          14   1201.2877439749575     
           1           1           5          15   1185.9409728145395     
           1           1           5          16   1171.3535306536992     
           1           1           5          17   1155.2592757104692     
           1           1           5          18   1141.1733813396334     
           1           1           5          19   1126.8943511221617     
           1           1           5          20   1113.5055337826304     
           1           1           5          21   1100.9754216767062     
           1           1           5          22   1088.4701341055325     
           1           1           5          23   1076.8841639965292     
           1           1           5          24   1065.5050577363661     
           1           1           6           1   1408.4978481166652     
           1           1           6           2   1391.3521404817516     
           1           1           6           3   1378.8398735738010     
           1           1           6           4   1356.6492139728023     
           1           1           6           5   1339.1906989993061     
           1           1           6           6   1322.3378620423598     
           1           1           6           7   1304.2991186572081     
           1           1           6           8   1286.9585207087259     
           1           1           6           9   1270.2918541688564     
           1           1           6          10   1252.7095097286090     
           1           1           6          11   1237.3846560507877     
           1           1           6          12   1219.7935107180999     
           1           1           6          13   1203.0419501075926     
           1           1           6          14   1187.0983521274336     
           1           1           6          15   1171.9330091796946     
           1           1           6          16   1157.5180184411513     
           1           1           6          17   1141.6140282443750     
           1           1           6          18   1127.6946559008154     
           1           1           6          19   1113.5844308715393     
           1           1           6          20   1100.3538946493227     
           1           1           6          21   1087.9719120802845     
           1           1           6          22   1075.6144605110103     
           1           1           6          23   1064.1654582862047     
           1           1           6          24   1052.9208743360148     
           1           1           7           1   1391.9567923406260     
           1           1           7           2   1375.0125844794895     
           1           1           7           3   1362.6473641936871     
           1           1           7           4   1340.7174935191440     
           1           1           7           5   1323.4641543263763     
           1           1           7           6   1306.8093750492574     
           1           1           7           7   1288.9826262713707     
           1           1           7           8   1271.8458181303813     
           1           1           7           9   1255.3750211708170     
           1           1           7          10   1237.9993074457677     
           1           1           7          11   1222.8545540031730     
           1           1           7          12   1205.4701426675217     
           1           1           7          13   1188.9154490395879     
           1           1           7          14   1173.1592226633425     
           1           1           7          15   1158.1721050769213     
           1           1           7          16   1143.9265213828560     
           1           1           7          17   1128.2094370881189     
           1           1           7          18   1114.4536470716694     
           1           1           7          19   1100.5092472260276     
           1           1           7          20   1087.4341979047451     
           1           1           7          21   1075.1977298684305     
           1           1           7          22   1062.9855044800488     
           1           1           7          23   1051.6710521797684     
           1           1           7          24   1040.5586157538846     
           1           1           8           1   1375.7058031080051     
           1           1           8           2   1358.9595587503047     
           1           1           8           3   1346.7388044560687     
           1           1           8           4   1325.0651459304763     
           1           1           8           5   1308.0133817384208     
           1           1           8           6   1291.5531842830283     
           1           1           8           7   1273.9347096663532     
           1           1           8           8   1256.9981148800766     
           1           1           8           9   1240.7197500470438     
           1           1           8          10   1223.5470407300841     
           1           1           8          11   1208.5792268188293     
           1           1           8          12   1191.3979213634761     
           1           1           8          13   1175.0366397659420     
           1           1           8          14   1159.4644966837566     
           1           1           8          15   1144.6524766637299     
           1           1           8          16   1130.5733269790285     
           1           1           8          17   1115.0398684538648     
           1           1           8          18   1101.4447899539430     
           1           1           8          19   1087.6633051214203     
           1           1           8          20   1074.7410139649085     
           1           1           8          21   1062.6475067376348     
           1           1           8          22   1050.5779588681335     
           1           1           8          23   1039.3956951955531     
           1           1           8          24   1028.4130871593827     
           1           1           9           1   1359.7381284118296     
           1           1           9           2   1343.1863936712105     
           1           1           9           3   1331.1075848585315     
           1           1           9           4   1309.6856683288547     
           1           1           9           5   1292.8319622442723     
           1           1           9           6   1276.5629517289656     
           1           1           9           7   1259.1491175019976     
           1           1           9           8   1242.4092429375780     
           1           1           9           9   1226.3199528589682     
           1           1           9          10   1209.3467061242891     
           1           1           9          11   1194.5527446746948     
           1           1           9          12   1177.5710015062873     
           1           1           9          13   1161.3997574761499     
           1           1           9          14   1146.0084859850676     
           1           1           9          15   1131.3685086039175     
           1           1           9          16   1117.4528891554216     
           1           1           9          17   1102.0998526836452     
           1           1           9          18   1088.6626817700608     
           1           1           9          19   1075.0412695774548     
           1           1           9          20   1062.2690714200053     
           1           1           9          21   1050.3160307713149     
           1           1           9          22   1038.3866711339510     
           1           1           9          23   1027.3342898025012     
           1           1           9          24   1016.4792450494457     
           1           1          10           1   1344.0472118435744     
           1           1          10           2   1327.6866128289589     
           1           1          10           3   1315.7472873652034     
           1           1          10           4   1294.5727462113191     
           1           1          10           5   1277.9136627954556     
           1           1          10           6   1261.8325229671591     
           1           1          10           7   1244.6197795198241     
           1           1          10           8   1228.0732129484957     
           1           1          10           9   1212.1697180119024     
           1           1          10          10   1195.3924740654827     
           1           1          10          11   1180.7693495070746     
           1           1          10          12   1163.9837071049055     
           1           1          10          13   1147.9992043345617     
           1           1          10          14   1132.7856671173442     
           1           1          10          15   1118.3147482021679     
           1           1          10          16   1104.5598224704547     
           1           1          10          17   1089.3840785364889     
           1           1          10          18   1076.1020762202713     
           1           1          10          19   1062.6379601259325     
           1           1          10          20   1050.0132515291016     
           1           1          10          21   1038.1982409967659     
           1           1          10          22   1026.4066379584995     
           1           1          10          23   1015.4818860968769     
           1           1          10          24   1004.7521919818099     
           1           1          11           1   1328.6266858231361     
           1           1          11           2   1312.4539263327631     
           1           1          11           3   1300.6516787798826     
           1           1          11           4   1279.7202469301128     
           1           1          11           5   1263.2524298506944     
           1           1          11           6   1247.3559208183292     
           1           1          11           7   1230.3408002759440     
           1           1          11           8   1213.9842080408671     
           1           1          11           9   1198.2633041520942     
           1           1          11          10   1181.6786828670392     
           1           1          11          11   1167.2234490675057     
           1           1          11          12   1150.6305256176856     
           1           1          11          13   1134.8295437020320     
           1           1          11          14   1119.7906756828972     
           1           1          11          15   1105.4858997758461     
           1           1          11          16   1091.8888965565679     
           1           1          11          17   1076.8873877065546     
           1           1          11          18   1063.7578780679537     
           1           1          11          19   1050.4483454641295     
           1           1          11          20   1037.9685829373780     
           1           1          11          21   1026.2892221621946     
           1           1          11          22   1014.6330000817762     
           1           1          11          23   1003.8336766941937     
           1           1          11          24   993.22717152122027     
