          11          24   42.560000000000002        45.000000000000000        132.00000000000000        160.00000000000000                1   160.00000000000000        160.00000000000000        160.00000000000000     
           1   42.500000000000000        132.59999999999999                1   1495.8050519259477        1.5978851025466508E-008
           1   42.500000000000000        133.40000000000001                1   1477.5957395357912        2.5468594948943487E-009
           1   42.500000000000000        134.00000000000000                1   1464.3072956554388        2.6065890263463248E-009
           1   42.500000000000000        135.09999999999999                1   1440.7400770221775        9.4908162924740591E-009
           1   42.500000000000000        136.00000000000000                1   1422.1985537622552        2.8471116231939933E-008
           1   42.500000000000000        136.90000000000001                1   1404.3002810151454        1.0803159637765141E-008
           1   42.500000000000000        137.90000000000001                1   1385.1425366118726        1.8365559642643019E-009
           1   42.500000000000000        138.90000000000001                1   1366.7262462190040        4.2647526689314486E-010
           1   42.500000000000000        139.90000000000001                1   1349.0256937072384        1.6297772271962506E-009
           1   42.500000000000000        141.00000000000000                1   1330.3526613064732        1.9163694500827300E-009
           1   42.500000000000000        142.00000000000000                1   1314.0771592524413        1.3469699218134482E-008
           1   42.500000000000000        143.19999999999999                1   1295.3947808418429        9.1977201721212448E-009
           1   42.500000000000000        144.40000000000001                1   1277.6040696273751        2.3762175660636075E-009
           1   42.500000000000000        145.59999999999999                1   1260.6714418571232        2.8624827072243534E-009
           1   42.500000000000000        146.80000000000001                1   1244.5653470367399        1.0309158579525709E-008
           1   42.500000000000000        148.00000000000000                1   1229.2561514039821        2.1260550634261239E-008
           1   42.500000000000000        149.40000000000001                1   1212.3655896722250        1.7995682332566063E-009
           1   42.500000000000000        150.69999999999999                1   1197.5827579013337        8.5477390903309026E-010
           1   42.500000000000000        152.09999999999999                1   1182.5972346855626        2.5415962022155422E-010
           1   42.500000000000000        153.50000000000000                1   1168.5459702981279        1.4775982649984074E-009
           1   42.500000000000000        154.90000000000001                1   1155.3958981242970        1.2160390006934546E-009
           1   42.500000000000000        156.40000000000001                1   1142.2718790181632        1.1341585081359884E-008
           1   42.500000000000000        157.90000000000001                1   1130.1126632433004        1.5081395926159762E-008
           1   42.500000000000000        159.50000000000000                1   1118.1705466839749        2.7250932269388637E-009
           1   42.750000000000000        132.59999999999999                1   1477.7050263361216        1.5956475858406760E-008
           1   42.750000000000000        133.40000000000001                1   1459.7162206839189        2.1008719754672573E-008
           1   42.750000000000000        134.00000000000000                1   1446.5886939579962        4.6725497028638170E-009
           1   42.750000000000000        135.09999999999999                1   1423.3068637963338        2.5927673617428341E-009
           1   42.750000000000000        136.00000000000000                1   1404.9898700103631        1.0186691963941072E-009
           1   42.750000000000000        136.90000000000001                1   1387.3083371978039        2.2872135306102043E-009
           1   42.750000000000000        137.90000000000001                1   1368.3825842822193        6.0097757419788075E-009
           1   42.750000000000000        138.90000000000001                1   1350.1893066328216        1.7500131354431590E-008
           1   42.750000000000000        139.90000000000001                1   1332.7030995364271        3.0164785404771447E-009
           1   42.750000000000000        141.00000000000000                1   1314.2561887456427        1.7980221466972980E-009
           1   42.750000000000000        142.00000000000000                1   1298.1777752686908        6.2906177507525702E-009
           1   42.750000000000000        143.19999999999999                1   1279.7216314750708        2.1164239208118967E-008
           1   42.750000000000000        144.40000000000001                1   1262.1463571270872        8.9738389696644809E-009
           1   42.750000000000000        145.59999999999999                1   1245.4187751648710        1.1483552405550571E-009
           1   42.750000000000000        146.80000000000001                1   1229.5077171640100        3.4369930719678400E-010
           1   42.750000000000000        148.00000000000000                1   1214.3839082211532        2.5567319180392854E-009
           1   42.750000000000000        149.40000000000001                1   1197.6978826411953        1.6846904623984520E-009
           1   42.750000000000000        150.69999999999999                1   1183.0940633990826        9.4175073668171059E-009
           1   42.750000000000000        152.09999999999999                1   1168.2900071220665        1.3365495213850602E-008
           1   42.750000000000000        153.50000000000000                1   1154.4088962060989        1.5319344929721650E-009
           1   42.750000000000000        154.90000000000001                1   1141.4180644676487        7.2235782924508925E-010
           1   42.750000000000000        156.40000000000001                1   1128.4529702387701        3.6404076037929518E-009
           1   42.750000000000000        157.90000000000001                1   1116.4409960230130        1.0134054434817545E-008
           1   42.750000000000000        159.50000000000000                1   1104.6434920060733        1.7085869228463609E-008
           1   43.000000000000000        132.59999999999999                1   1459.9320190235599        9.4292208665603934E-010
           1   43.000000000000000        133.40000000000001                1   1442.1597329375850        4.4893455595472879E-009
           1   43.000000000000000        134.00000000000000                1   1429.1902136855774        3.4141417272279164E-009
           1   43.000000000000000        135.09999999999999                1   1406.1886116444562        1.2000493232262630E-008
           1   43.000000000000000        136.00000000000000                1   1388.0920874260962        1.0995564297394005E-008
           1   43.000000000000000        136.90000000000001                1   1370.6233754923203        1.5484252491409518E-009
           1   43.000000000000000        137.90000000000001                1   1351.9254192341373        4.3477028811356216E-009
           1   43.000000000000000        138.90000000000001                1   1333.9511218516104        1.2768978606133630E-008
           1   43.000000000000000        139.90000000000001                1   1316.6753844165892        2.0272391080085949E-008
           1   43.000000000000000        141.00000000000000                1   1298.4505065485096        2.5092860575938316E-009
           1   43.000000000000000        142.00000000000000                1   1282.5656179325354        2.2052556890788404E-009
           1   43.000000000000000        143.19999999999999                1   1264.3316180287120        6.0983285754147475E-010
           1   43.000000000000000        144.40000000000001                1   1246.9678850645496        2.1105382951238980E-009
           1   43.000000000000000        145.59999999999999                1   1230.4416413183208        4.7567512992807757E-009
           1   43.000000000000000        146.80000000000001                1   1214.7220935268560        1.6194147512584370E-008
           1   43.000000000000000        148.00000000000000                1   1199.7803191567098        3.4652440994786140E-009
           1   43.000000000000000        149.40000000000001                1   1183.2951313572792        8.9027860567164082E-010
           1   43.000000000000000        150.69999999999999                1   1168.8670877860507        4.5056754678051569E-009
           1   43.000000000000000        152.09999999999999                1   1154.2412172115296        1.1805406335535222E-008
           1   43.000000000000000        153.50000000000000                1   1140.5271830993975        1.7189129887114600E-008
           1   43.000000000000000        154.90000000000001                1   1127.6927124565889        1.6049883168297364E-009
           1   43.000000000000000        156.40000000000001                1   1114.8836694724866        5.3331130544154934E-010
           1   43.000000000000000        157.90000000000001                1   1103.0162744389575        2.1848383526252660E-010
           1   43.000000000000000        159.50000000000000                1   1091.3607681258798        1.4179278273151623E-009
           1   43.250000000000000        132.59999999999999                1   1442.4781879505792        1.5676960775783046E-008
           1   43.250000000000000        133.40000000000001                1   1424.9185299563885        3.6069110882097045E-009
           1   43.250000000000000        134.00000000000000                1   1412.1041783338567        1.9100590797118090E-009
           1   43.250000000000000        135.09999999999999                1   1389.3777679172322        8.7993608677386831E-009
           1   43.250000000000000        136.00000000000000                1   1371.4977508030408        1.5532608487034636E-008
           1   43.250000000000000        136.90000000000001                1   1354.2380347545511        1.5103926093153716E-008
           1   43.250000000000000        137.90000000000001                1   1335.7637810046415        1.2581195831726370E-009
           1   43.250000000000000        138.90000000000001                1   1318.0045281968128        2.2766500125014126E-009
           1   43.250000000000000        139.90000000000001                1   1300.9354776920165        2.2793683814615996E-009
           1   43.250000000000000        141.00000000000000                1   1282.9286421928273        3.1955506631511038E-009
           1   43.250000000000000        142.00000000000000                1   1267.2338002552031        9.5270435555054359E-009
           1   43.250000000000000        143.19999999999999                1   1249.2179516963290        1.0484718286290038E-008
           1   43.250000000000000        144.40000000000001                1   1232.0619581295050        1.0202464162445095E-009
           1   43.250000000000000        145.59999999999999                1   1215.7334339937456        3.8123074370213476E-009
           1   43.250000000000000        146.80000000000001                1   1200.2019544442596        1.0496951234673174E-008
           1   43.250000000000000        148.00000000000000                1   1185.4389429842779        2.3311341433423906E-008
           1   43.250000000000000        149.40000000000001                1   1169.1509833591736        3.1546199714776395E-009
           1   43.250000000000000        150.69999999999999                1   1154.8955562891333        7.2269932777706761E-010
           1   43.250000000000000        152.09999999999999                1   1140.4446689341282        3.7560165271081432E-010
           1   43.250000000000000        153.50000000000000                1   1126.8947088015623        2.9500071556181017E-009
           1   43.250000000000000        154.90000000000001                1   1114.2137890219069        2.5376784108445349E-009
           1   43.250000000000000        156.40000000000001                1   1101.5579926203231        6.6662229279263411E-009
           1   43.250000000000000        157.90000000000001                1   1089.8325782919728        1.4287487517183801E-008
           1   43.250000000000000        159.50000000000000                1   1078.3165176030634        4.2553272405060196E-009
           1   43.500000000000000        132.59999999999999                1   1425.3359250969227        1.4967904625521256E-008
           1   43.500000000000000        133.40000000000001                1   1407.9850965589337        2.3182988701170353E-008
           1   43.500000000000000        134.00000000000000                1   1395.3231404715523        1.0835055531160336E-008
           1   43.500000000000000        135.09999999999999                1   1372.8670053389349        2.4595348225728734E-009
           1   43.500000000000000        136.00000000000000                1   1355.1996273978118        9.5859908257738065E-010
           1   43.500000000000000        136.90000000000001                1   1338.1451734938007        5.3876708929413644E-009
           1   43.500000000000000        137.90000000000001                1   1319.8906257769279        2.9871761381140776E-009
           1   43.500000000000000        138.90000000000001                1   1302.3425757451685        1.4120120690549345E-008
           1   43.500000000000000        139.90000000000001                1   1285.4765196837698        5.1975703141973798E-009
           1   43.500000000000000        141.00000000000000                1   1267.6838312019472        1.3378001932821978E-009
           1   43.500000000000000        142.00000000000000                1   1252.1756407387047        5.3926010893317575E-009
           1   43.500000000000000        143.19999999999999                1   1234.3740462296341        1.3394150156229763E-008
           1   43.500000000000000        144.40000000000001                1   1217.4220807771851        1.2460200582253674E-008
           1   43.500000000000000        145.59999999999999                1   1201.2877439749575        1.1569815666046652E-009
           1   43.500000000000000        146.80000000000001                1   1185.9409728145395        2.9861402601973613E-009
           1   43.500000000000000        148.00000000000000                1   1171.3535306536992        8.0804336322863390E-010
           1   43.500000000000000        149.40000000000001                1   1155.2592757104692        2.2231993584415206E-009
           1   43.500000000000000        150.69999999999999                1   1141.1733813396334        5.5286985759844977E-009
           1   43.500000000000000        152.09999999999999                1   1126.8943511221617        1.3677814627047500E-008
           1   43.500000000000000        153.50000000000000                1   1113.5055337826304        2.0966769381367176E-009
           1   43.500000000000000        154.90000000000001                1   1100.9754216767062        4.6191146640633455E-010
           1   43.500000000000000        156.40000000000001                1   1088.4701341055325        3.4730079695371462E-009
           1   43.500000000000000        157.90000000000001                1   1076.8841639965292        9.9998315631400687E-009
           1   43.500000000000000        159.50000000000000                1   1065.5050577363661        1.6466297092715941E-008
           1   43.750000000000000        132.59999999999999                1   1408.4978481166652        5.2286206165146376E-009
           1   43.750000000000000        133.40000000000001                1   1391.3521404817516        1.8981672578519671E-009
           1   43.750000000000000        134.00000000000000                1   1378.8398735738010        3.6200097498522851E-009
           1   43.750000000000000        135.09999999999999                1   1356.6492139728023        6.3719433838407778E-009
           1   43.750000000000000        136.00000000000000                1   1339.1906989993061        1.2828734072584156E-008
           1   43.750000000000000        136.90000000000001                1   1322.3378620423598        2.5508057231219936E-009
           1   43.750000000000000        137.90000000000001                1   1304.2991186572081        3.1439445311144223E-009
           1   43.750000000000000        138.90000000000001                1   1286.9585207087259        1.0672777803681861E-008
           1   43.750000000000000        139.90000000000001                1   1270.2918541688564        1.5171205768958317E-008
           1   43.750000000000000        141.00000000000000                1   1252.7095097286090        7.8966438196217318E-009
           1   43.750000000000000        142.00000000000000                1   1237.3846560507877        1.1655279376308912E-009
           1   43.750000000000000        143.19999999999999                1   1219.7935107180999        1.6339755437432499E-009
           1   43.750000000000000        144.40000000000001                1   1203.0419501075926        3.8877085249225965E-009
           1   43.750000000000000        145.59999999999999                1   1187.0983521274336        4.0869487526917109E-009
           1   43.750000000000000        146.80000000000001                1   1171.9330091796946        1.0487103195659872E-008
           1   43.750000000000000        148.00000000000000                1   1157.5180184411513        6.5472096560299792E-009
           1   43.750000000000000        149.40000000000001                1   1141.6140282443750        8.1283757462282674E-010
           1   43.750000000000000        150.69999999999999                1   1127.6946559008154        3.6489058597835890E-009
           1   43.750000000000000        152.09999999999999                1   1113.5844308715393        1.0464951707698683E-008
           1   43.750000000000000        153.50000000000000                1   1100.3538946493227        1.7065146931691926E-008
           1   43.750000000000000        154.90000000000001                1   1087.9719120802845        7.1758407895967270E-009
           1   43.750000000000000        156.40000000000001                1   1075.6144605110103        4.9080510132925161E-010
           1   43.750000000000000        157.90000000000001                1   1064.1654582862047        2.7713242795493693E-009
           1   43.750000000000000        159.50000000000000                1   1052.9208743360148        5.4657850876542536E-010
           1   44.000000000000000        132.59999999999999                1   1391.9567923406260        1.0959113947152811E-008
           1   44.000000000000000        133.40000000000001                1   1375.0125844794895        6.1335231617866329E-009
           1   44.000000000000000        134.00000000000000                1   1362.6473641936871        3.3333525033678004E-009
           1   44.000000000000000        135.09999999999999                1   1340.7174935191440        6.3911640869746997E-009
           1   44.000000000000000        136.00000000000000                1   1323.4641543263763        1.3007191586895898E-008
           1   44.000000000000000        136.90000000000001                1   1306.8093750492574        1.7633947677567238E-008
           1   44.000000000000000        137.90000000000001                1   1288.9826262713707        3.6047756933387182E-009
           1   44.000000000000000        138.90000000000001                1   1271.8458181303813        3.0240665536835573E-009
           1   44.000000000000000        139.90000000000001                1   1255.3750211708170        1.0747444061351236E-009
           1   44.000000000000000        141.00000000000000                1   1237.9993074457677        3.6427874749766218E-009
           1   44.000000000000000        142.00000000000000                1   1222.8545540031730        2.9655093853192533E-009
           1   44.000000000000000        143.19999999999999                1   1205.4701426675217        1.2127106539124613E-008
           1   44.000000000000000        144.40000000000001                1   1188.9154490395879        2.2409275196423579E-009
           1   44.000000000000000        145.59999999999999                1   1173.1592226633425        1.7682063918897920E-009
           1   44.000000000000000        146.80000000000001                1   1158.1721050769213        6.9008791027542868E-009
           1   44.000000000000000        148.00000000000000                1   1143.9265213828560        1.2658956069972151E-008
           1   44.000000000000000        149.40000000000001                1   1128.2094370881189        8.3174608289119482E-009
           1   44.000000000000000        150.69999999999999                1   1114.4536470716694        1.2499591047388565E-009
           1   44.000000000000000        152.09999999999999                1   1100.5092472260276        3.8519075905335116E-009
           1   44.000000000000000        153.50000000000000                1   1087.4341979047451        9.0935474381649532E-010
           1   44.000000000000000        154.90000000000001                1   1075.1977298684305        2.7375164460281918E-009
           1   44.000000000000000        156.40000000000001                1   1062.9855044800488        3.3473839118053613E-009
           1   44.000000000000000        157.90000000000001                1   1051.6710521797684        9.3422269465019067E-009
           1   44.000000000000000        159.50000000000000                1   1040.5586157538846        8.2148976448729417E-009
           1   44.250000000000000        132.59999999999999                1   1375.7058031080051        9.8091396011591416E-009
           1   44.250000000000000        133.40000000000001                1   1358.9595587503047        1.4379140531959555E-008
           1   44.250000000000000        134.00000000000000                1   1346.7388044560687        1.6296209651367575E-008
           1   44.250000000000000        135.09999999999999                1   1325.0651459304763        3.9531789135326408E-009
           1   44.250000000000000        136.00000000000000                1   1308.0133817384208        5.5037118690775775E-009
           1   44.250000000000000        136.90000000000001                1   1291.5531842830283        1.6979327477255228E-009
           1   44.250000000000000        137.90000000000001                1   1273.9347096663532        4.2225648444567511E-009
           1   44.250000000000000        138.90000000000001                1   1256.9981148800766        6.2323457797814222E-009
           1   44.250000000000000        139.90000000000001                1   1240.7197500470438        9.2180297776833088E-009
           1   44.250000000000000        141.00000000000000                1   1223.5470407300841        2.4254842431149327E-009
           1   44.250000000000000        142.00000000000000                1   1208.5792268188293        3.1946093124412375E-009
           1   44.250000000000000        143.19999999999999                1   1191.3979213634761        1.1438963973881786E-008
           1   44.250000000000000        144.40000000000001                1   1175.0366397659420        1.2813360154303182E-008
           1   44.250000000000000        145.59999999999999                1   1159.4644966837566        3.6225573607830801E-009
           1   44.250000000000000        146.80000000000001                1   1144.6524766637299        1.3754533547498413E-009
           1   44.250000000000000        148.00000000000000                1   1130.5733269790285        2.3022275926453662E-009
           1   44.250000000000000        149.40000000000001                1   1115.0398684538648        3.6899404561040945E-009
           1   44.250000000000000        150.69999999999999                1   1101.4447899539430        3.3948477970814295E-009
           1   44.250000000000000        152.09999999999999                1   1087.6633051214203        8.3174982552362222E-009
           1   44.250000000000000        153.50000000000000                1   1074.7410139649085        6.6750401744543232E-009
           1   44.250000000000000        154.90000000000001                1   1062.6475067376348        8.8171557679247761E-010
           1   44.250000000000000        156.40000000000001                1   1050.5779588681335        1.4558543893369996E-009
           1   44.250000000000000        157.90000000000001                1   1039.3956951955531        6.1286127359309164E-009
           1   44.250000000000000        159.50000000000000                1   1028.4130871593827        1.1302853947799452E-008
           1   44.500000000000000        132.59999999999999                1   1359.7381284118296        3.7053377319743692E-009
           1   44.500000000000000        133.40000000000001                1   1343.1863936712105        3.8984950886930956E-009
           1   44.500000000000000        134.00000000000000                1   1331.1075848585315        2.8147116990042977E-009
           1   44.500000000000000        135.09999999999999                1   1309.6856683288547        3.4490995715914529E-009
           1   44.500000000000000        136.00000000000000                1   1292.8319622442723        7.8860220374821367E-009
           1   44.500000000000000        136.90000000000001                1   1276.5629517289656        5.8027319566849723E-009
           1   44.500000000000000        137.90000000000001                1   1259.1491175019976        3.7554348589084887E-009
           1   44.500000000000000        138.90000000000001                1   1242.4092429375780        6.3751910901904193E-009
           1   44.500000000000000        139.90000000000001                1   1226.3199528589682        1.2439419864795495E-008
           1   44.500000000000000        141.00000000000000                1   1209.3467061242891        1.3897770415069624E-008
           1   44.500000000000000        142.00000000000000                1   1194.5527446746948        2.7017487465598962E-009
           1   44.500000000000000        143.19999999999999                1   1177.5710015062873        3.3947131335962598E-009
           1   44.500000000000000        144.40000000000001                1   1161.3997574761499        1.2867293617006589E-009
           1   44.500000000000000        145.59999999999999                1   1146.0084859850676        3.8683770253203316E-009
           1   44.500000000000000        146.80000000000001                1   1131.3685086039175        2.8467403595309997E-009
           1   44.500000000000000        148.00000000000000                1   1117.4528891554216        8.7902263321714932E-009
           1   44.500000000000000        149.40000000000001                1   1102.0998526836452        1.2784786614690758E-009
           1   44.500000000000000        150.69999999999999                1   1088.6626817700608        1.7117176179488616E-009
           1   44.500000000000000        152.09999999999999                1   1075.0412695774548        8.7081926000392988E-009
           1   44.500000000000000        153.50000000000000                1   1062.2690714200053        1.2218233834475018E-008
           1   44.500000000000000        154.90000000000001                1   1050.3160307713149        1.3505424040161738E-008
           1   44.500000000000000        156.40000000000001                1   1038.3866711339510        1.3230988681009580E-009
           1   44.500000000000000        157.90000000000001                1   1027.3342898025012        1.4768512526969540E-009
           1   44.500000000000000        159.50000000000000                1   1016.4792450494457        3.7570069953568035E-009
           1   44.750000000000000        132.59999999999999                1   1344.0472118435744        4.3622185078631539E-009
           1   44.750000000000000        133.40000000000001                1   1327.6866128289589        8.2988020958202797E-009
           1   44.750000000000000        134.00000000000000                1   1315.7472873652034        4.3626499537581479E-009
           1   44.750000000000000        135.09999999999999                1   1294.5727462113191        4.0360204601746024E-009
           1   44.750000000000000        136.00000000000000                1   1277.9136627954556        1.0838796549045845E-008
           1   44.750000000000000        136.90000000000001                1   1261.8325229671591        1.2780510742823020E-008
           1   44.750000000000000        137.90000000000001                1   1244.6197795198241        1.0335737980433726E-008
           1   44.750000000000000        138.90000000000001                1   1228.0732129484957        4.8690731089539776E-009
           1   44.750000000000000        139.90000000000001                1   1212.1697180119024        5.2499550491046080E-009
           1   44.750000000000000        141.00000000000000                1   1195.3924740654827        1.8748429240531990E-009
           1   44.750000000000000        142.00000000000000                1   1180.7693495070746        3.0868784043741810E-009
           1   44.750000000000000        143.19999999999999                1   1163.9837071049055        4.5695660241579317E-009
           1   44.750000000000000        144.40000000000001                1   1147.9992043345617        6.1161823069993279E-009
           1   44.750000000000000        145.59999999999999                1   1132.7856671173442        2.9701679397615807E-009
           1   44.750000000000000        146.80000000000001                1   1118.3147482021679        3.7789925594220020E-009
           1   44.750000000000000        148.00000000000000                1   1104.5598224704547        1.0502779159319739E-008
           1   44.750000000000000        149.40000000000001                1   1089.3840785364889        1.0281778061685013E-008
           1   44.750000000000000        150.69999999999999                1   1076.1020762202713        2.8490068025259057E-009
           1   44.750000000000000        152.09999999999999                1   1062.6379601259325        2.9208552801247048E-009
           1   44.750000000000000        153.50000000000000                1   1050.0132515291016        5.1752060873108827E-009
           1   44.750000000000000        154.90000000000001                1   1038.1982409967659        1.4872316525744431E-009
           1   44.750000000000000        156.40000000000001                1   1026.4066379584995        2.9104637326750526E-009
           1   44.750000000000000        157.90000000000001                1   1015.4818860968769        3.7391463270597057E-009
           1   44.750000000000000        159.50000000000000                1   1004.7521919818099        8.2933986595544265E-009
           1   45.000000000000000        132.59999999999999                1   1328.6266858231361        5.8020822284012316E-009
           1   45.000000000000000        133.40000000000001                1   1312.4539263327631        1.0377594582399814E-008
           1   45.000000000000000        134.00000000000000                1   1300.6516787798826        1.2181873373375067E-008
           1   45.000000000000000        135.09999999999999                1   1279.7202469301128        3.9993470528150608E-009
           1   45.000000000000000        136.00000000000000                1   1263.2524298506944        5.8582104188610401E-009
           1   45.000000000000000        136.90000000000001                1   1247.3559208183292        6.7130415648714727E-009
           1   45.000000000000000        137.90000000000001                1   1230.3408002759440        3.1850185020107108E-009
           1   45.000000000000000        138.90000000000001                1   1213.9842080408671        3.5832562363933909E-009
           1   45.000000000000000        139.90000000000001                1   1198.2633041520942        6.5747403593045379E-009
           1   45.000000000000000        141.00000000000000                1   1181.6786828670392        3.6457683992552614E-009
           1   45.000000000000000        142.00000000000000                1   1167.2234490675057        4.5328434107565215E-009
           1   45.000000000000000        143.19999999999999                1   1150.6305256176856        6.8200127233414114E-009
           1   45.000000000000000        144.40000000000001                1   1134.8295437020320        1.0998992899069879E-008
           1   45.000000000000000        145.59999999999999                1   1119.7906756828972        9.6616215067949008E-009
           1   45.000000000000000        146.80000000000001                1   1105.4858997758461        2.2054720742536958E-009
           1   45.000000000000000        148.00000000000000                1   1091.8888965565679        2.5675459732383549E-009
           1   45.000000000000000        149.40000000000001                1   1076.8873877065546        1.4704059105861446E-009
           1   45.000000000000000        150.69999999999999                1   1063.7578780679537        4.5159475561175229E-009
           1   45.000000000000000        152.09999999999999                1   1050.4483454641295        3.4074331989685607E-009
           1   45.000000000000000        153.50000000000000                1   1037.9685829373780        6.9709964552659399E-009
           1   45.000000000000000        154.90000000000001                1   1026.2892221621946        2.8965654532188437E-009
           1   45.000000000000000        156.40000000000001                1   1014.6330000817762        2.4351663205006752E-009
           1   45.000000000000000        157.90000000000001                1   1003.8336766941937        2.9527466888215730E-009
           1   45.000000000000000        159.50000000000000                1   993.22717152122027        9.0269255083794122E-009
