   1.2867033344385035     
  0.11181419347826331     
  0.52847598272822749     
   2.2832463715809488     
   1.9938978283449371     
  0.32708845970578859     
  0.99734224885133882     
   2.7203677165566948     
  0.25508138334839531     
   2.0378423621233677     
  0.18235434189403671     
  0.28035752929772823     
   2.4567593781772930     
  0.15106964447120558     
  0.97934863138373640     
 -0.37948216560431869     
   2.5061314998327244     
  -6.6938959012186966E-002
   1.7173652677505304     
   3.2832666982704976E-002
  0.44687909267310910     
