   1.1121417730783296E-005
   7.8770662342866263E-006
   3.4709897591543266E-006
   6.6424318769325917E-005
   3.3590675817263440E-003
   2.5587640408185238E-008
   1.8339491565292736E-003
   2.0035291444614419E-003
   1.4980237354252706E-002
  0.38237051200856959     
   4.1069967012148283E-005
   3.9075861106719657E-002
  0.30932678475543551     
   11.711642380754528     
   1.1037136370401770E-005
   7.9994019221098830E-006
   3.7580200904552528E-006
   6.7453308998598430E-005
   3.2964578456201980E-003
   2.5073020294859434E-008
   1.8305206159247515E-003
   2.0274597539007913E-003
   1.4950756864409892E-002
  0.38571741562316858     
   4.1403210648694719E-005
   4.0134027811551863E-002
  0.30385009687103209     
   12.970960128266702     
