   5.9743726602963034E-007
   1.6428877581455156E-007
   5.4981756570362558E-012
   8.7592521372418409E-007
   5.1514805258114361E-010
   3.5738459307971602E-003
   3.5073700166896846E-004
   2.7183121458751447E-004
   2.1692968061876725E-004
   2.7875009836322390E-004
   4.3128323372754879E-009
   1.6841870272033891E-004
   5.0125643197417675E-004
   1.1820461738895939E-003
   3.3806017925372939E-002
   5.7331191659026201E-007
   3.1388491900900153E-003
   2.6833519409160109E-002
   1.4298208573639311     
   6.4848103752123448E-007
   1.3330647998960430E-007
   4.4603851495188727E-012
   7.1066605603700553E-007
   5.0530822619858051E-010
   3.2512856122786198E-003
   3.1767088486776504E-004
   2.4729634725097704E-004
   1.9647408290331236E-004
   2.8020201182595743E-004
   4.3367366333188903E-009
   1.6416290676562407E-004
   5.0026350408275278E-004
   1.1522368405860017E-003
   3.1243877791913358E-002
   5.3005885892365932E-007
   2.8876580563960974E-003
   2.5367256781659828E-002
   1.1975509017242565     
   6.6364430763578641E-007
   9.4887012765516454E-008
   3.1733937792723788E-012
   5.0580161247098178E-007
   4.8453823034214624E-010
   2.8545902196898728E-003
   2.7781114127019697E-004
   2.1712285215479013E-004
   1.7181812439792646E-004
   2.6784726538183265E-004
   4.1468750450211376E-009
   1.5297058667748450E-004
   4.7656704415436122E-004
   1.0737359013017281E-003
   2.7672999206261695E-002
   4.6964355837510997E-007
   2.5471041189036926E-003
   2.2923398811298651E-002
  0.97017755524842963     
   6.3294042706952512E-007
   5.6204819464290394E-008
   1.8786113481804912E-012
   2.9957960162207309E-007
   4.3980202197902333E-010
   2.3761715215254481E-003
   2.3048283328226833E-004
   1.8073358475004871E-004
   1.4254457147886944E-004
   2.3989855870824384E-004
   3.7152771009342553E-009
   1.3395861242327319E-004
   4.2549098274709957E-004
   9.4033244197017118E-004
   2.3098345554861427E-002
   3.9212739624226776E-007
   2.1168826069616091E-003
   1.9435827300743835E-002
  0.74703856875597996     
