           1           1           1           1   1405.5472027584433     
           1           1           1           2   1394.6516750215119     
           1           1           1           3   1383.9667321198117     
           1           1           1           4   1373.4883579030052     
           1           1           1           5   1363.2126408668018     
           1           1           1           6   1353.1357712242559     
           1           1           1           7   1343.2540380737676     
           1           1           1           8   1333.5638266602921     
           1           1           1           9   1324.0616157264624     
           1           1           1          10   1314.7439749504035     
           1           1           1          11   1305.6075624671923     
           1           1           1          12   1296.6491224709814     
           1           1           1          13   1287.8654828949998     
           1           1           1          14   1279.2535531666788     
           1           1           1          15   1270.8103220353044     
           1           1           2           1   1398.9599602667336     
           1           1           2           2   1388.1154970911543     
           1           1           2           3   1377.4806317930750     
           1           1           2           4   1367.0513670448379     
           1           1           2           5   1356.8238096743844     
           1           1           2           6   1346.7941677502849     
           1           1           2           7   1336.9587477629891     
           1           1           2           8   1327.3139518989035     
           1           1           2           9   1317.8562754039019     
           1           1           2          10   1308.5823040331647     
           1           1           2          11   1299.4887115842419     
           1           1           2          12   1290.5722575104305     
           1           1           2          13   1281.8297846116366     
           1           1           2          14   1273.2582168000233     
           1           1           2          15   1264.8545569378498     
           1           1           3           1   1392.4189173411376     
           1           1           3           2   1381.6251605752284     
           1           1           3           3   1371.0400216513158     
           1           1           3           4   1360.6595219324099     
           1           1           3           5   1350.4797864501109     
           1           1           3           6   1340.4970410032536     
           1           1           3           7   1330.7076093523749     
           1           1           3           8   1321.1079105065007     
           1           1           3           9   1311.6944560990009     
           1           1           3          10   1302.4638478493453     
           1           1           3          11   1293.4127751077124     
           1           1           3          12   1284.5380124795156     
           1           1           3          13   1275.8364175270660     
           1           1           3          14   1267.3049285456723     
           1           1           3          15   1258.9405624115759     
           1           1           4           1   1385.9236429610658     
           1           1           4           2   1375.1802377946324     
           1           1           4           3   1364.6444772923437     
           1           1           4           4   1354.3124013770878     
           1           1           4           5   1344.1801531567394     
           1           1           4           6   1334.2439760363552     
           1           1           4           7   1324.5002109256936     
           1           1           4           8   1314.9452935386901     
           1           1           4           9   1305.5757517815425     
           1           1           4          10   1296.3882032263082     
           1           1           4          11   1287.3793526669629     
           1           1           4          12   1278.5459897550086     
           1           1           4          13   1269.8849867118709     
           1           1           4          14   1261.3932961153519     
           1           1           4          15   1253.0679487576258     
           1           1           5           1   1379.4737111207687     
           1           1           5           2   1368.7803060462356     
           1           1           5           3   1358.2935792518058     
           1           1           5           4   1348.0095890906814     
           1           1           5           5   1337.9244966208314     
           1           1           5           6   1328.0345627306015     
           1           1           5           7   1318.3361453592697     
           1           1           5           8   1308.8256968090600     
           1           1           5           9   1299.4997611453928     
           1           1           5          10   1290.3549716822479     
           1           1           5          11   1281.3880485495781     
           1           1           5          12   1272.5957963399480     
           1           1           5          13   1263.9751018315496     
           1           1           5          14   1255.5229317849808     
           1           1           5          15   1247.2363308111924     
           1           1           6           1   1373.0687007595025     
           1           1           6           2   1362.4249475335612     
           1           1           6           3   1351.9869129344115     
           1           1           6           4   1341.7506736172013     
           1           1           6           5   1331.7124084649645     
           1           1           6           6   1321.8683957275853     
           1           1           6           7   1312.2150102552400     
           1           1           6           8   1302.7487208229109     
           1           1           6           9   1293.4660875426935     
           1           1           6          10   1284.3637593608444     
           1           1           6          11   1275.4384716364939     
           1           1           6          12   1266.6870437991927     
           1           1           6          13   1258.1063770825201     
           1           1           6          14   1249.6934523310881     
           1           1           6          15   1241.4453278783762     
           1           1           7           1   1366.7081956927821     
           1           1           7           2   1356.1137492985983     
           1           1           7           3   1345.7240685462593     
           1           1           7           4   1335.5352482656833     
           1           1           7           5   1325.5434850411091     
           1           1           7           6   1315.7450743633149     
           1           1           7           7   1306.1364078758725     
           1           1           7           8   1296.7139707120493     
           1           1           7           9   1287.4743389191228     
           1           1           7          10   1278.4141769669945     
           1           1           7          11   1269.5302353381473     
           1           1           7          12   1260.8193481960236     
           1           1           7          13   1252.2784311291484     
           1           1           7          14   1243.9044789682691     
           1           1           7          15   1235.6945636740513     
           2           1           1           1   1235.6945636740513     
           2           1           1           2   1227.6458322928329     
           2           1           1           3   1219.7555049781060     
           2           1           1           4   1212.0208730755003     
           2           1           1           5   1204.4392972690423     
           2           1           1           6   1197.0082057866773     
           2           1           1           7   1189.7250926629924     
           2           1           1           8   1182.5875160572482     
           2           1           1           9   1175.5930966248457     
           2           1           1          10   1168.7395159404821     
           2           1           1          11   1162.0245149712282     
           2           1           1          12   1155.4458925979379     
           2           1           1          13   1149.0015041833551     
           2           1           1          14   1142.6892601854288     
           2           1           1          15   1136.5071248143386     
           2           1           2           1   1229.9836662607368     
           2           1           2           2   1221.9721341930531     
           2           1           2           3   1214.1182740858933     
           2           1           2           4   1206.4193898036453     
           2           1           2           5   1198.8728542286369     
           2           1           2           6   1191.4761074749349     
           2           1           2           7   1184.2266551591081     
           2           1           2           8   1177.1220667260252     
           2           1           2           9   1170.1599738278644     
           2           1           2          10   1163.3380687545348     
           2           1           2          11   1156.6541029138232     
           2           1           2          12   1150.1058853596414     
           2           1           2          13   1143.6912813667373     
           2           1           2          14   1137.4082110504346     
           2           1           2          15   1131.2546480298531     
           2           1           3           1   1224.3122679884539     
           2           1           3           2   1216.3376779386103     
           2           1           3           3   1208.5200328070696     
           2           1           3           4   1200.8566488903871     
           2           1           3           5   1193.3449111848174     
           2           1           3           6   1185.9822716083374     
           2           1           3           7   1178.7662472793877     
           2           1           3           8   1171.6944188503928     
           2           1           3           9   1164.7644288942374     
           2           1           3          10   1157.9739803419322     
           2           1           3          11   1151.3208349697707     
           2           1           3          12   1144.8028119343494     
           2           1           3          13   1138.4177863538705     
           2           1           3          14   1132.1636879342284     
           2           1           3          15   1126.0384996384087     
           2           1           4           1   1218.6800054355504     
           2           1           4           2   1210.7421024752496     
           2           1           4           3   1202.9604224081766     
           2           1           4           4   1195.3322938772683     
           2           1           4           5   1187.8551139091126     
           2           1           4           6   1180.5263461441359     
           2           1           4           7   1173.3435191232813     
           2           1           4           8   1166.3042246291898     
           2           1           4           9   1159.4061160800879     
           2           1           4          10   1152.6469069746599     
           2           1           4          11   1146.0243693861489     
           2           1           4          12   1139.5363325041267     
           2           1           4          13   1133.1806812223188     
           2           1           4          14   1126.9553547710104     
           2           1           4          15   1120.8583453925712     
           2           1           5           1   1213.0865193504926     
           2           1           5           2   1205.1850508916566     
           2           1           5           3   1197.4390882720681     
           2           1           5           4   1189.8459723960464     
           2           1           5           5   1182.4031122376696     
           2           1           5           6   1175.1079830791232     
           2           1           5           7   1167.9581248052014     
           2           1           5           8   1160.9511402521250     
           2           1           5           9   1154.0846936088024     
           2           1           5          10   1147.3565088688276     
           2           1           5          11   1140.7643683315064     
           2           1           5          12   1134.3061111503023     
           2           1           5          13   1127.9796319271611     
           2           1           5          14   1121.7828793511867     
           2           1           5          15   1115.7138548802429     
           2           1           6           1   1207.5314545945541     
           2           1           6           2   1199.6661703625416     
           2           1           6           3   1191.9556798413610     
           2           1           6           4   1184.3973361124822     
           2           1           6           5   1176.9885600154182     
           2           1           6           6   1169.7268383941287     
           2           1           6           7   1162.6097223993459     
           2           1           6           8   1155.6348258449407     
           2           1           6           9   1148.7998236165179     
           2           1           6          10   1142.1024501304869     
           2           1           6          11   1135.5404978419679     
           2           1           6          12   1129.1118157998835     
           2           1           6          13   1122.8143082477059     
           2           1           6          14   1116.6459332683826     
           2           1           6          15   1110.6047014719709     
           2           1           7           1   1202.0144600854662     
           2           1           7           2   1194.1851120926417     
           2           1           7           3   1186.5098505627859     
           2           1           7           4   1178.9860406710666     
           2           1           7           5   1171.6111150411125     
           2           1           7           6   1164.3825719994177     
           2           1           7           7   1157.2979738854415     
           2           1           7           8   1150.3549454154731     
           2           1           7           9   1143.5511720984966     
           2           1           7          10   1136.8843987023108     
           2           1           7          11   1130.3524277682463     
           2           1           7          12   1123.9531181728635     
           2           1           7          13   1117.6843837350880     
           2           1           7          14   1111.5441918673250     
           2           1           7          15   1105.5305622691042     
           3           1           1           1   1105.5305622691042     
           3           1           1           2   1099.6415656618633     
           3           1           1           3   1093.8753225635969     
           3           1           1           4   1088.2300021020644     
           3           1           1           5   1082.7038208653171     
           3           1           1           6   1077.2950417884185     
           3           1           1           7   1072.0019730751719     
           3           1           1           8   1066.8229671537845     
           3           1           1           9   1061.7564196654168     
           3           1           1          10   1056.8007684846159     
           3           1           1          11   1051.9544927706140     
           3           1           1          12   1047.2161120486137     
           3           1           1          13   1042.5841853201093     
           3           1           1          14   1038.0573102013975     
           3           1           1          15   1033.6341220894335     
           3           1           2           1   1100.4911180527677     
           3           1           2           2   1094.6289667575386     
           3           1           2           3   1088.8890093925722     
           3           1           2           4   1083.2694234317612     
           3           1           2           5   1077.7684335929482     
           3           1           2           6   1072.3843107297098     
           3           1           2           7   1067.1153707579961     
           3           1           2           8   1061.9599736165678     
           3           1           2           9   1056.9165222601557     
           3           1           2          10   1051.9834616843370     
           3           1           2          11   1047.1592779811951     
           3           1           2          12   1042.4424974247549     
           3           1           2          13   1037.8316855853925     
           3           1           2          14   1033.3254464722520     
           3           1           2          15   1028.9224217029089     
           3           1           3           1   1095.4860532336616     
           3           1           3           2   1089.6505641036308     
           3           1           3           3   1083.9367131427675     
           3           1           3           4   1078.3426861141591     
           3           1           3           5   1072.8667158099727     
           3           1           3           6   1067.5070809482716     
           3           1           3           7   1062.2621051045471     
           3           1           3           8   1057.1301556768717     
           3           1           3           9   1052.1096428836422     
           3           1           3          10   1047.1990187928966     
           3           1           3          11   1042.3967763822602     
           3           1           3          12   1037.7014486285495     
           3           1           3          13   1033.1116076261990     
           3           1           3          14   1028.6258637335866     
           3           1           3          15   1024.2428647464772     
           3           1           4           1   1090.5150558026407     
           3           1           4           2   1084.7060473532010     
           3           1           4           3   1079.0181250947965     
           3           1           4           4   1073.4494830232936     
           3           1           4           5   1067.9983619502202     
           3           1           4           6   1062.6630484045950     
           3           1           4           7   1057.4418735693132     
           3           1           4           8   1052.3332122509835     
           3           1           4           9   1047.3354818822284     
           3           1           4          10   1042.4471415554062     
           3           1           4          11   1037.6666910868123     
           3           1           4          12   1032.9926701104332     
           3           1           4          13   1028.4236572003492     
           3           1           4          14   1023.9582690209585     
           3           1           4          15   1019.5951595041548     
           3           1           5           1   1085.5778172821015     
           3           1           5           2   1079.7951096720274     
           3           1           5           3   1074.1329400235720     
           3           1           5           4   1068.5895105094630     
           3           1           5           5   1063.1630699061266     
           3           1           5           6   1057.8519125004959     
           3           1           5           7   1052.6543770311966     
           3           1           5           8   1047.5688456630614     
           3           1           5           9   1042.5937429939486     
           3           1           5          10   1037.7275350928242     
           3           1           5          11   1032.9687285682164     
           3           1           5          12   1028.3158696660605     
           3           1           5          13   1023.7675433960886     
           3           1           5          14   1019.3223726858868     
           3           1           5          15   1014.9790175618043     
           3           1           6           1   1080.6740326781073     
           3           1           6           2   1074.9174476910050     
           3           1           6           3   1069.2808561509460     
           3           1           6           4   1063.7624683521140     
           3           1           6           5   1058.3605409818663     
           3           1           6           6   1053.0733760324747     
           3           1           6           7   1047.8993197471025     
           3           1           6           8   1042.8367615989503     
           3           1           6           9   1037.8841333025503     
           3           1           6          10   1033.0399078562093     
           3           1           6          11   1028.3025986146570     
           3           1           6          12   1023.6707583909849     
           3           1           6          13   1019.1429785869598     
           3           1           6          14   1014.7178883509181     
           3           1           6          15   1010.3941537623696     
           3           1           7           1   1075.8034004332987     
           3           1           7           2   1070.0727614592913     
           3           1           7           3   1064.4615750991074     
           3           1           7           4   1058.9680597134807     
           3           1           7           5   1053.5904798472134     
           3           1           7           6   1048.3271451458236     
           3           1           7           7   1043.1764093062759     
           3           1           7           8   1038.1366690607222     
           3           1           7           9   1033.2063631922601     
           3           1           7          10   1028.3839715816887     
           3           1           7          11   1023.6680142843317     
           3           1           7          12   1019.0570506360306     
           3           1           7          13   1014.5496783873778     
           3           1           7          14   1010.1445328653986     
           3           1           7          15   1005.8402861618381     
           4           1           1           1   1005.8402861618381     
           4           1           1           2   1001.6356463472799     
           4           1           1           3   997.52935671030502     
           4           1           1           4   993.52019502103531     
           4           1           1           5   989.60697281828118     
           4           1           1           6   985.78853471968046     
           4           1           1           7   982.06375775413699     
           4           1           1           8   978.43155071595584     
           4           1           1           9   974.89085354008171     
           4           1           1          10   971.44063669782463     
           4           1           1          11   968.07990061255441     
           4           1           1          12   964.80767509481404     
           4           1           1          13   961.62301879631696     
           4           1           1          14   958.52501868237039     
           4           1           1          15   955.51278952221151     
           4           1           2           1   1001.3171359859116     
           4           1           2           2   997.13140466127504     
           4           1           2           3   993.04358122812607     
           4           1           2           4   989.05244895301860     
           4           1           2           5   985.15682471934531     
           4           1           2           6   981.35555834056368     
           4           1           2           7   977.64753189564351     
           4           1           2           8   974.03165908610868     
           4           1           2           9   970.50688461407265     
           4           1           2          10   967.07218358070054     
           4           1           2          11   963.72656090451585     
           4           1           2          12   960.46905075905488     
           4           1           2          13   957.29871602933588     
           4           1           2          14   954.21464778663528     
           4           1           2          15   951.21596478111860     
           4           1           3           1   996.82442758731440     
           4           1           3           2   992.65747748966567     
           4           1           3           3   988.58799597419375     
           4           1           3           4   984.61477176690232     
           4           1           3           5   980.73662705978984     
           4           1           3           6   976.95241682716460     
           4           1           3           7   973.26102816407194     
           4           1           3           8   969.66137964622476     
           4           1           3           9   966.15242071082594     
           4           1           3          10   962.73313105772809     
           4           1           3          11   959.40252007035531     
           4           1           3          12   956.15962625587963     
           4           1           3          13   953.00351670411931     
           4           1           3          14   949.93328656468907     
           4           1           3          15   946.94805854190008     
           4           1           4           1   992.36188840381340     
           4           1           4           2   988.21359340971492     
           4           1           4           3   984.16233063862353     
           4           1           4           4   980.20689423932311     
           4           1           4           5   976.34611167677224     
           4           1           4           6   972.57884305147343     
           4           1           4           7   968.90398044086373     
           4           1           4           8   965.32044726211052     
           4           1           4           9   961.82719765570835     
           4           1           4          10   958.42321588931668     
           4           1           4          11   955.10751578127474     
           4           1           4          12   951.87914014328840     
           4           1           4          13   948.73716024174416     
           4           1           4          14   945.68067527720234     
           4           1           4          15   942.70881188156227     
           4           1           5           1   987.92924891688074     
           4           1           5           2   983.79948402966522     
           4           1           5           3   979.76631793006652     
           4           1           5           4   975.82855015332245     
           4           1           5           5   971.98501340201324     
           4           1           5           6   968.23457286848839     
           4           1           5           7   964.57612557919458     
           4           1           5           8   961.00859976031199     
           4           1           5           9   957.53095422411627     
           4           1           5          10   954.14217777546276     
           4           1           5          11   950.84128863789408     
           4           1           5          12   947.62733389880373     
           4           1           5          13   944.49938897316588     
           4           1           5          14   941.45655708534241     
           4           1           5          15   938.49796876850110     
           4           1           6           1   983.52624261097526     
           4           1           6           2   979.41488394819544     
           4           1           6           3   975.39969353536765     
           4           1           6           4   971.47947625815721     
           4           1           6           5   967.65307002176326     
           4           1           6           6   963.91934507633766     
           4           1           6           7   960.27720336424488     
           4           1           6           8   956.72557788853851     
           4           1           6           9   953.26343210202788     
           4           1           6          10   949.88975931644302     
           4           1           6          11   946.60358213107691     
           4           1           6          12   943.40395188042294     
           4           1           6          13   940.28994810030099     
           4           1           6          14   937.26067801198610     
           4           1           6          15   934.31527602383017     
           4           1           7           1   979.15260593350774     
           4           1           7           2   975.05953071454826     
           4           1           7           3   971.06219607981654     
           4           1           7           4   967.15941222972992     
           4           1           7           5   963.35002223738616     
           4           1           7           6   959.63290137700847     
           4           1           7           7   956.00695647408929     
           4           1           7           8   952.47112527668116     
           4           1           7           9   949.02437584718587     
           4           1           7          10   945.66570597413374     
           4           1           7          11   942.39414260337946     
           4           1           7          12   939.20874128818900     
           4           1           7          13   936.10858565774765     
           4           1           7          14   933.09278690356200     
           4           1           7          15   930.16048328333022     
