   1.2868293695326347     
  0.10906700266384468     
  0.53102227568513760     
   2.2634393151949488     
   1.9523427508030218     
  0.31728124190208629     
  0.99618268606521387     
   2.8480820957928072     
  0.22690161634378628     
   1.9550343871375437     
  0.19525614872424227     
  0.27960036198153126     
   2.4939430685999402     
  0.16141496477101494     
   1.0941198535954868     
 -0.39167631589513052     
   2.4236842367374054     
  -4.7308018668021028E-002
   1.8944412079259341     
   3.2025717042764308E-002
  0.42926294916607910     
