   5.6654769967280098E-006
   3.6470402059679571E-006
   1.6532195678755240E-006
   3.2696548354833918E-005
   1.5753115864708550E-003
   1.3206344850774449E-008
   7.3158591689180183E-004
   7.6607633423355801E-004
   5.9234729791921110E-003
  0.16057692082614036     
   1.4661400433195441E-005
   1.6349244937306998E-002
  0.12924970136515784     
   4.9144411249145969     
   6.3702529771786492E-006
   4.1181382777650514E-006
   1.9455098571949577E-006
   3.6919143936722259E-005
   1.7459472626126619E-003
   1.4625034490363516E-008
   8.1526917853033416E-004
   8.6095550992011844E-004
   6.6006607238545158E-003
  0.17960114329853868     
   1.6392726738700189E-005
   1.8449247639853731E-002
  0.14245553605755229     
   5.7489339490712892     
   6.2968592243266618E-006
   4.1176227369510067E-006
   2.0145855502374488E-006
   3.6913738576979107E-005
   1.7160919132604494E-003
   1.4363505543317884E-008
   8.0840883520419046E-004
   8.6028456878421038E-004
   6.5447847788709769E-003
  0.17906484660986624     
   1.6338389403532546E-005
   1.8565854355573560E-002
  0.14010501656333818     
   6.0193928745509915     
   5.5825562266750598E-006
   3.7123436199902022E-006
   1.8665716777959839E-006
   3.3279928409590022E-005
   1.5251047540887168E-003
   1.2755834154071353E-008
   7.2667679963503678E-004
   7.7819861766056193E-004
   5.8828507751154417E-003
  0.16200752134804772     
   1.4777843089080665E-005
   1.6946801735696713E-002
  0.12534430337175151     
   5.7161574986503441     
