           4          15   42.000000000000000        45.000000000000000        132.00000000000000        160.00000000000000                1   160.00000000000000        160.00000000000000        160.00000000000000     
           1   42.000000000000000        132.00000000000000                1   1446.0656357644070        1.2492129833237059E-005   8.3786024753803634E-007   2.6930031775128149E-011   7.7117875894808500E-009   1.5088030320149480E-004   6.4851048573090778E-002   4.9406846396358155E-003   2.7029228789777635E-002   8.4452091043036410E-004   6.8085778222614080E-003   6.2096061577296720E-008   3.5965451775897507E-003   4.1020447947531305E-003   2.8924036014366945E-002  0.75284596839810303        7.3530979461570068E-004   7.2739852926020768E-002  0.57749669410885007        30.212726092971856     
           1   42.000000000000000        134.00000000000000                1   1402.5106358708310        1.2581001382941661E-005   7.9198910712277497E-007   2.5459347469503870E-011   7.2894675310090648E-009   1.4841211382013011E-004   6.3769272786584189E-002   4.8535503989734332E-003   2.6578343476437147E-002   8.2962299463981237E-004   6.8358707706144065E-003   6.2351032647747983E-008   3.5823786926993430E-003   4.0920083988823788E-003   2.8810550621504727E-002  0.75033384389979618        7.3293895440191366E-004   7.2629962160187619E-002  0.58164429808187401        29.663026326866614     
           1   42.000000000000000        136.00000000000000                1   1362.2309490502178        1.2641406579340101E-005   7.4462574609126710E-007   2.3939679236761618E-011   6.8534283668309478E-009   1.4614889396874701E-004   6.2726474496464277E-002   4.7696407457231598E-003   2.6143704253845237E-002   8.1527647420032438E-004   6.8547882115232066E-003   6.2529728491265528E-008   3.5663434903921826E-003   4.0798752249783391E-003   2.8682046181623799E-002  0.74757348833706039        7.3032547954661356E-004   7.2504133401447846E-002  0.58564475239650859        29.138718902941967     
           1   42.000000000000000        138.00000000000000                1   1324.9913394013968        1.2674963596713502E-005   6.9614019846955347E-007   2.2383062421418583E-011   6.4070764356321998E-009   1.4407992537840062E-004   6.1722437714765196E-002   4.6889343805359071E-003   2.5725221087468515E-002   8.0147770436036494E-004   6.8659829239592907E-003   6.2638063157762161E-008   3.5486827377558153E-003   4.0658942985590503E-003   2.8540475854459142E-002  0.74460769190684672        7.2751077831644494E-004   7.2364596488709895E-002  0.58949236923240400        28.639557738117475     
           1   42.000000000000000        140.00000000000000                1   1290.5799220262941        1.2683549600504525E-005   6.4690438963652402E-007   2.0801591228418339E-011   5.9538351538706199E-009   1.4220265167634065E-004   6.0760787415886676E-002   4.6117028974678072E-003   2.5324404815858983E-002   7.8827310544131728E-004   6.8701421885051395E-003   6.2682265015252112E-008   3.5296458268929071E-003   4.0503209194833589E-003   2.8387842724883171E-002  0.74147851116828112        7.2453554755805218E-004   7.2213743065814059E-002  0.59318313790495014        28.165306638920644     
           1   42.000000000000000        142.00000000000000                1   1258.8057499881709        1.2669266424992320E-005   5.9728935238820515E-007   1.9207325814923367E-011   5.4971194018375895E-009   1.4050891957086202E-004   5.9842879820729548E-002   4.5380434146997089E-003   2.4941820680813513E-002   7.7567927291438590E-004   6.8679797945375709E-003   6.2668804177142059E-008   3.5094825288301571E-003   4.0334103359784467E-003   2.8226152814663161E-002  0.73822653181672593        7.2143905477999764E-004   7.2053882695752011E-002  0.59671312535519772        27.715738187178154     
           1   42.000000000000000        144.00000000000000                1   1229.4966978616303        1.2634403796990441E-005   5.4766270099754474E-007   1.7612208238847900E-011   5.0403122905611631E-009   1.3898513428277519E-004   5.8967853640497211E-002   4.4678846697286268E-003   2.4577109691127447E-002   7.6368402107427746E-004   6.8602279962126089E-003   6.2604319447503800E-008   3.4884432045674692E-003   4.0154181626024009E-003   2.8057416800948282E-002  0.73489092938890788        7.1825919906012945E-004   7.1887175583022184E-002  0.60007800516888787        27.290633383185327     
           1   42.000000000000000        146.00000000000000                1   1202.4976032744787        1.2581401378949575E-005   4.9838630905902979E-007   1.6027985547904671E-011   4.5867438098590129E-009   1.3762334197313871E-004   5.8137411935476911E-002   4.4013508245480627E-003   2.4230981649248910E-002   7.5230856856227336E-004   6.8476295916340604E-003   6.2495546370696068E-008   3.4667822018188436E-003   3.9966043526072073E-003   2.7883677352154194E-002  0.73150978925146504        7.1503282498358231E-004   7.1715867831743774E-002  0.60327486705011035        26.889782399302991     
           1   42.000000000000000        148.00000000000000                1   1177.6686334670349        1.2512810636780126E-005   4.4981414403611513E-007   1.4466138498719954E-011   4.1396709234931763E-009   1.3641140188690561E-004   5.7351480592080423E-002   4.3384307117571297E-003   2.3903405650589505E-002   7.4155100195410768E-004   6.8309302612719891E-003   6.2349247623917766E-008   3.4447492889690926E-003   3.9772237363372015E-003   2.7706940267267763E-002  0.72811931948337949        7.1179495542627886E-004   7.1542059453032783E-002  0.60630058347404470        26.512983875245112     
           1   42.000000000000000        150.00000000000000                1   1154.8838486520881        1.2431257247097049E-005   4.0229023078146283E-007   1.2937814999416952E-011   3.7022588555087975E-009   1.3533765001999570E-004   5.6610213820612765E-002   4.2791309302772059E-003   2.3594445954537933E-002   7.3141244496677585E-004   6.8108712591624177E-003   6.2172146604773738E-008   3.4225930726097201E-003   3.9575301111975736E-003   2.7529201985610707E-002  0.72475421768909098        7.0857915117062884E-004   7.1367767576479835E-002  0.60915227847733200        26.160045345867147     
           1   42.000000000000000        152.00000000000000                1   1134.0299379941648        1.2339404525892867E-005   3.5614673485219411E-007   1.1453767951052586E-011   3.2775634825809737E-009   1.3439533691181969E-004   5.5915776364886247E-002   4.2236101141608431E-003   2.3305004786466844E-002   7.2192000804435492E-004   6.7881825138419345E-003   6.1970864733356536E-008   3.4005588855192987E-003   3.9377740070114424E-003   2.7352432625511330E-002  0.72144756616503780        7.0541740967715761E-004   7.1195030512452795E-002  0.61182820918479208        25.830783857430195     
           1   42.000000000000000        154.00000000000000                1   1115.0051074595301        1.2239918205945616E-005   3.1170216838591683E-007   1.0024297535428616E-011   2.8685148570958179E-009   1.3357297690463939E-004   5.5268202309982695E-002   4.1718655353839068E-003   2.3035096338382979E-002   7.1307322048829195E-004   6.7635761690347691E-003   6.1751862743293009E-008   3.3788830062790780E-003   3.9181963878197794E-003   2.7178529527430141E-002  0.71823034883037218        7.0233969443242775E-004   7.1025698219986694E-002  0.61432622173397033        25.525025411459794     
           1   42.000000000000000        156.00000000000000                1   1097.7181017175205        1.2135432800678837E-005   2.6925972605525146E-007   8.6591981396572663E-012   2.4779019294047869E-009   1.3286082919845274E-004   5.4668103089766627E-002   4.1239382429829529E-003   2.2784975434583271E-002   7.0487909432821641E-004   6.7377405765375988E-003   6.1521386076254680E-008   3.3577948493202069E-003   3.8990313227836473E-003   2.7009334891709074E-002  0.71513181415742078        6.9937429056724854E-004   7.0861566825545549E-002  0.61664481886287892        25.242605881277612     
           1   42.000000000000000        158.00000000000000                1   1082.0873447812951        1.2028519744308585E-005   2.2913212792902224E-007   7.3677100847388384E-012   2.1083585333977397E-009   1.3224682899992763E-004   5.4114954735481897E-002   4.0797839370857588E-003   2.2554423678692301E-002   6.9733005368802529E-004   6.7113347434793321E-003   6.1285414400906625E-008   3.3375131160138950E-003   3.8805018216040246E-003   2.6846604851458618E-002  0.71217912255515903        6.9654746128514230E-004   7.0704253578179499E-002  0.61878219049789684        24.983370923921566     
           1   42.000000000000000        160.00000000000000                1   1068.0401862300732        1.1921657470896544E-005   1.9153087679406215E-007   6.1584762175316888E-012   1.7623506704759301E-009   1.3172161732664492E-004   5.3609159380389598E-002   4.0394286920837179E-003   2.2343608663346122E-002   6.9043055175486534E-004   6.6849832307676396E-003   6.1049615228371134E-008   3.3182464653397649E-003   3.8628207619010937E-003   2.6692014889783483E-002  0.70939752743862794        6.9388362559557378E-004   7.0555308880341561E-002  0.62073709988241721        24.747176813667277     
           1   43.000000000000000        132.00000000000000                1   1379.4737111207687        1.7752984774159451E-005   1.0928541973907853E-006   3.5118617511859202E-011   1.0058805656043172E-008   1.7832580236325647E-004   7.6549128009269579E-002   5.8329454648406677E-003   3.1904866971228914E-002   9.9703767773104434E-004   8.6199453422856030E-003   7.8615147512921963E-008   4.3470610197682462E-003   4.9576415561564790E-003   3.4959781927117996E-002  0.85805314723233428        8.3805620481395974E-004   8.1304827734893254E-002  0.64467396137902189        31.326457660763950     
           1   43.000000000000000        134.00000000000000                1   1337.9244966208314        1.7909093773102389E-005   1.0333221662896597E-006   3.3210422415176023E-011   9.5107148007306437E-009   1.7553613762368898E-004   7.5325493699255300E-002   5.7341095226873017E-003   3.1394854134841998E-002   9.8013883035100863E-004   8.6633520143016805E-003   7.9018784602522499E-008   4.3341966754210032E-003   4.9504393542486617E-003   3.4856866732219723E-002  0.85557697125994991        8.3573221303006185E-004   8.1222033768390448E-002  0.64954498371961722        30.760993404502987     
           1   43.000000000000000        136.00000000000000                1   1299.4997611453928        1.8025198604733111E-005   9.7180318135973633E-007   3.1237041089013414E-011   8.9443556720026624E-009   1.7297936806610301E-004   7.4144038826870748E-002   5.6387888915438496E-003   3.0902422049790497E-002   9.6384111085900026E-004   8.6961534375575820E-003   7.9325851751959171E-008   4.3189430354828324E-003   4.9405629010796205E-003   3.4734748606463334E-002  0.85280890459479974        8.3312293123799887E-004   8.1120083211470198E-002  0.65424037456255557        30.221704596333748     
           1   43.000000000000000        138.00000000000000                1   1263.9751018315496        1.8103385533095113E-005   9.0877745360063216E-007   2.9214088929140248E-011   8.3641488362866126E-009   1.7065328520524272E-004   7.3009110450924883E-002   5.5473100183676596E-003   3.0429382511300507E-002   9.4820031555234538E-004   8.7191323896418562E-003   7.9543437044519559E-008   4.3015848747394170E-003   4.9283016179819837E-003   3.4595714740235255E-002  0.84979691664082968        8.3027476971626597E-004   8.1001620381068007E-002  0.65875518034526181        29.708334787730806     
           1   43.000000000000000        140.00000000000000                1   1231.1483914638566        1.8146105383918187E-005   8.4472897336669878E-007   2.7157300339782556E-011   7.7745492220955910E-009   1.6854852690128673E-004   7.1922211105708789E-002   5.4597803660314933E-003   2.9976361740867090E-002   9.3323480747148076E-004   8.7331156726651159E-003   7.9679029534989299E-008   4.2824127067876590E-003   4.9139505876929484E-003   3.4442098310587463E-002  0.84658754990845153        8.2723275135121509E-004   8.0869210431397956E-002  0.66308455915830544        29.220636487619544     
           1   43.000000000000000        142.00000000000000                1   1200.8374765574720        1.8156127237316915E-005   7.8014207282085179E-007   2.5082413884884092E-011   7.1800144924694520E-009   1.6664931247571547E-004   7.0882280914354917E-002   5.3761127966176787E-003   2.9542917975867035E-002   9.1892968667312718E-004   8.7389638111554074E-003   7.9740425712251812E-008   4.2617220926509606E-003   4.8978100064238639E-003   3.4276272947809557E-002  0.84322602865515617        8.2404061970792458E-004   8.0725254630671969E-002  0.66722316024006956        28.758370578977146     
           1   43.000000000000000        144.00000000000000                1   1172.8781583744606        1.8136490584740858E-005   7.1549801166003714E-007   2.3005058900007019E-011   6.5849736394662269E-009   1.6494734275980885E-004   6.9891694906528357E-002   5.2964818836348055E-003   2.9130041086340656E-002   9.0531478808702462E-004   8.7375611138574387E-003   7.9735639257214360E-008   4.2398140528319738E-003   4.8801857639606998E-003   3.4100656070654142E-002  0.83975651627040104        8.2074109212900836E-004   8.0572286511732580E-002  0.67116741468235475        28.321307199261838     
           1   43.000000000000000        146.00000000000000                1   1147.1224200510051        1.8090456144919286E-005   6.5127165958196480E-007   2.0940645953387790E-011   5.9937964763283022E-009   1.6342827507277223E-004   6.8950310034763304E-002   5.2208703088653932E-003   2.8737671434364839E-002   8.9238714617061296E-004   8.7298061178184335E-003   7.9672814263565129E-008   4.2169882814916985E-003   4.8613821165721608E-003   3.3917654350242916E-002  0.83622127698365123        8.1737504302786400E-004   8.0412668637962773E-002  0.67491338873440432        27.909224711945136     
           1   43.000000000000000        148.00000000000000                1   1123.4368683795449        1.8021455692693888E-005   5.8792834238200425E-007   1.8904263314264316E-011   5.4107646421773503E-009   1.6208111293786458E-004   6.8059505403039372E-002   5.1493768764898484E-003   2.8366383799016577E-002   8.8016364454532813E-004   8.7166024201218457E-003   7.9560141970204258E-008   4.1935450284823284E-003   4.8417039960066506E-003   3.3729678871749803E-002  0.83266113340871917        8.1398195235714483E-004   8.0248742437461926E-002  0.67845789621112662        27.521910432442041     
           1   43.000000000000000        150.00000000000000                1   1101.7013633285967        1.7933041430082061E-005   5.2592089651867354E-007   1.6910580857645838E-011   4.8400445309899461E-009   1.6089515098258455E-004   6.7220708535167595E-002   5.0821031461626602E-003   2.8016773137743561E-002   8.6866163706136174E-004   8.6988499054800588E-003   7.9405781080010404E-008   4.1697782948532068E-003   4.8214495242547024E-003   3.3539090442393324E-002  0.82911490265275989        8.1059935637841122E-004   8.0082774323738865E-002  0.68179822489181308        27.159160721458537     
           1   43.000000000000000        152.00000000000000                1   1081.8078122324284        1.7828835541003061E-005   4.6568695315540349E-007   1.4973762048773556E-011   4.2856623371848078E-009   1.5985881551622001E-004   6.6434899766232569E-002   5.0191169936183713E-003   2.7689248025516290E-002   8.5789272023036804E-004   8.6774363857812630E-003   7.9217781811378751E-008   4.1459789596475557E-003   4.8009139022437645E-003   3.3348224773948311E-002  0.82561952056368759        8.0726297053026065E-004   7.9916947748070608E-002  0.68493213452353829        26.820781161512507     
           1   43.000000000000000        154.00000000000000                1   1063.6591088575515        1.7712480600173413E-005   4.0764645431542282E-007   1.3107384041973339E-011   3.7514812410400130E-009   1.5895729348544769E-004   6.5701564636966220E-002   4.9603733356181406E-003   2.7383594025356495E-002   8.4784918302584190E-004   8.6532296743485736E-003   7.9004013889766611E-008   4.1224281159550095E-003   4.7803820634063198E-003   3.3159338921135692E-002  0.82220974413769965        8.0400640005804562E-004   7.9753266768873829E-002  0.68785714418331101        26.506586699353015     
           1   43.000000000000000        156.00000000000000                1   1047.1682003472536        1.7587591467313907E-005   3.5219939281121056E-007   1.1324365560688510E-011   3.2411806561512765E-009   1.5817805166203601E-004   6.5021019810509104E-002   4.9058906569649603E-003   2.7099943103959728E-002   8.3853418043971671E-004   8.6270701206054394E-003   7.8772098713462916E-008   4.0993999568698725E-003   4.7601322160789284E-003   3.2974634524043658E-002  0.81891835182200556        8.0086133682666686E-004   7.9593654368870490E-002  0.69057127424523645        26.216402464558413     
           1   43.000000000000000        158.00000000000000                1   1032.2572674373562        1.7457709216507962E-005   2.9972376292111072E-007   9.6369020629542690E-012   2.7582374180174014E-009   1.5751058250830136E-004   6.4394171189496377E-002   4.8557318470571122E-003   2.6838672815487498E-002   8.2995845722780564E-004   8.5997636299175399E-003   7.8529345919686307E-008   4.0771560886702397E-003   4.7404295750961044E-003   3.2796212102408344E-002  0.81577595649214907        7.9785737771065075E-004   7.9439952584315576E-002  0.69307312542746269        25.950064281264794     
           1   43.000000000000000        160.00000000000000                1   1018.8570053912822        1.7326257552255259E-005   2.5057370819733512E-007   8.0564076691369865E-012   2.3059087874660072E-009   1.5694204112282029E-004   6.3820695806604905E-002   4.8098673308649333E-003   2.6599648537247739E-002   8.2211695397420932E-004   8.5720751896094256E-003   7.8282694543068320E-008   4.0559447850306903E-003   4.7215258367764162E-003   3.2626065094116745E-002  0.81281075332834718        7.9502177921947749E-004   7.9293824362469678E-002  0.69536113652018394        25.707418710970956     
           1   44.000000000000000        132.00000000000000                1   1317.3779602403263        2.4861521042499749E-005   1.4097928160129391E-006   4.5294172464039720E-011   1.2975981204923269E-008   2.0887931523552180E-004   8.9550472873487469E-002   6.8248276732317458E-003   3.7323693251999863E-002   1.1665832026822340E-003   1.0807674746815790E-002   9.8566262881036789E-008   5.2141142242355639E-003   5.9460206238971499E-003   4.1932730752359218E-002  0.97252336145469331        9.4984747076123086E-004   9.0523439166777950E-002  0.71685124024593527        32.418152078314918     
           1   44.000000000000000        134.00000000000000                1   1277.6990999636685        2.5120151595166003E-005   1.3333472467490298E-006   4.2844437088522943E-011   1.2272173835617879E-008   2.0574958009006767E-004   8.8176569537840047E-002   6.7135435017590395E-003   3.6751047201258720E-002   1.1475557311554016E-003   1.0872555558693268E-002   9.9167829112836588E-008   5.2035431759301061E-003   5.9430054734120512E-003   4.1848373048461902E-002  0.97011531977665066        9.4760277592584774E-004   9.0472666908845242E-002  0.72251085112735047        31.837093349688541     
           1   44.000000000000000        136.00000000000000                1   1241.0040690214712        2.5323472083646302E-005   1.2542837181373375E-006   4.0308863787382495E-011   1.1544295735695120E-008   2.0289298080963751E-004   8.6852459983094141E-002   6.6064082956964216E-003   3.6199155622951257E-002   1.1292377434807736E-003   1.0924172122096456E-002   9.9648626751696412E-008   5.1899797954187447E-003   5.9366484709493014E-003   4.1739965916529197E-002  0.96736756088257592        9.4502606260022867E-004   9.0399427163874585E-002  0.72796506410533324        31.283000677382052     
           1   44.000000000000000        138.00000000000000                1   1207.0785661390455        2.5474067365171178E-005   1.1732235630969949E-006   3.7707650602894272E-011   1.0798066557230464E-008   2.0030083248376334E-004   8.5580592890524665E-002   6.5036009849695521E-003   3.5669039080921741E-002   1.1116598181856324E-003   1.0963443276617860E-002   1.0001697070746549E-007   5.1737483731645450E-003   5.9272761329066592E-003   4.1610113669679073E-002  0.96433309067674677        9.4216859896378185E-004   9.0306551329830551E-002  0.73320802889203929        30.755605127865557     
           1   44.000000000000000        140.00000000000000                1   1175.7295629418618        2.5575049262095740E-005   1.0907936356165355E-006   3.5061170073442429E-011   1.0039256228255395E-008   1.9795553658075415E-004   8.4359851957040863E-002   6.4050290855712571E-003   3.5160232291864033E-002   1.0948061406355226E-003   1.0991344605929085E-002   1.0028169254330053E-007   5.1551819170987138E-003   5.9152237485667345E-003   4.1461490520630355E-002  0.96106369118211854        9.3908046495975951E-004   9.0196689472860705E-002  0.73823326495576091        30.254645884310360     
           1   44.000000000000000        142.00000000000000                1   1146.7831056603984        2.5629994790103924E-005   1.0076214046422482E-006   3.2389805959850639E-011   9.2736398122861651E-009   1.9584760107906120E-004   8.3192926448409740E-002   6.3108905413567029E-003   3.4673856094543549E-002   1.0787105400221005E-003   1.1008896533893817E-002   1.0045203244783655E-007   5.1346232278414736E-003   5.9008367101687480E-003   4.1296849251155836E-002  0.95761014541885647        9.3581077400407787E-004   9.0072653952746676E-002  0.74303628312986203        29.779871259056677     
           1   44.000000000000000        144.00000000000000                1   1120.0823870317986        2.5642879220330130E-005   9.2433040887112274E-007   2.9713802481535902E-011   8.5069556999305404E-009   1.9396060579968073E-004   8.2079690511329600E-002   6.2211684329007873E-003   3.4209858014919235E-002   1.0633701182100345E-003   1.1017152435694609E-002   1.0053753132553949E-007   5.1124193157888100E-003   5.8844646448706827E-003   4.1118976356275476E-002  0.95402131924002564        9.3240677876532283E-004   8.9937074111565762E-002  0.74761215388456670        29.331037602943677     
           1   44.000000000000000        146.00000000000000                1   1095.4860532336616        2.5618005918547066E-005   8.4153604745701230E-007   2.7053125305963084E-011   7.7448669013666726E-009   1.9228429754532264E-004   8.1022823376771386E-002   6.1360594677298567E-003   3.3769354708109940E-002   1.0488184926807616E-003   1.1017186884999707E-002   1.0054792410442289E-007   5.0889221688996044E-003   5.8664624783414136E-003   4.0930698249166016E-002  0.95034468747576117        9.2891438689400336E-004   8.9792626767528277E-002  0.75195723372360379        28.907910306552012     
           1   44.000000000000000        148.00000000000000                1   1072.8667158099727        2.5559934655240790E-005   7.5984166416860991E-007   2.4427332936437611E-011   6.9929250476672045E-009   1.9080469211373236E-004   8.0023380668002506E-002   6.0556358350903694E-003   3.3352786124565097E-002   1.0350679960811503E-003   1.1010084166270145E-002   1.0049303543447746E-007   5.0644808451511241E-003   5.8471818672946856E-003   4.0734817710882401E-002  0.94662543918625974        9.2537728911600220E-004   8.9641849161555931E-002  0.75606793207892542        28.510263424937122     
           1   44.000000000000000        150.00000000000000                1   1052.1096428836422        2.5473409746898308E-005   6.7983488752285032E-007   2.1855457272276988E-011   6.2565367548252197E-009   1.8950802065051026E-004   7.9082482445542557E-002   5.9799748995851224E-003   3.2960619072218568E-002   1.0221318459150001E-003   1.0996927170584463E-002   1.0038267885338002E-007   5.0394439628182429E-003   5.8269743652982191E-003   4.0534133957593123E-002  0.94290687932866768        9.2183735330930261E-004   8.9487232684470411E-002  0.75994148394309202        28.137880294751092     
           1   44.000000000000000        152.00000000000000                1   1033.1116076261990        2.5363289078490835E-005   6.0208420337262049E-007   1.9355892538405368E-011   5.5409321327816893E-009   1.8837560597517557E-004   7.8199094047600670E-002   5.9089911453674001E-003   3.2592422297038612E-002   1.0099954192650511E-003   1.0978786772666756E-002   1.0022656030848296E-007   5.0141539945912691E-003   5.8061853146625280E-003   4.0331396796403234E-002  0.93922996140162907        9.1833416965693686E-004   8.9331026601873378E-002  0.76357443991184903        27.790553427611098     
           1   44.000000000000000        154.00000000000000                1   1015.7798750826378        2.5234474815617386E-005   5.2713575023725222E-007   1.6946292204531637E-011   4.8511353488480038E-009   1.8739589321790443E-004   7.7375069351414624E-002   5.8428183109298058E-003   3.2248968455248710E-002   9.9868157012694019E-004   1.0956711763249928E-002   1.0003418671034107E-007   4.9889486824836035E-003   5.7851556890482934E-003   4.0129318039825362E-002  0.93563370781708199        9.1490546263944957E-004   8.9175525196866487E-002  0.76696491748655615        27.468086000831473     
           1   44.000000000000000        156.00000000000000                1   1000.0313111177959        2.5091846446190592E-005   4.5551033706801202E-007   1.4643473799527230E-011   4.1919372414600313E-009   1.8655401673424980E-004   7.6610609336754384E-002   5.7814647126978279E-003   3.1930341294299711E-002   9.8819171427060341E-004   1.0931719388986289E-002   9.9814779993984379E-008   4.9641511659148565E-003   5.7642112197742795E-003   3.9930492155639062E-002  0.93215444519740620        9.1158634536577334E-004   8.9022817836905757E-002  0.77011075711276344        27.170291516545461     
           1   44.000000000000000        158.00000000000000                1   985.79159953503483        2.4940196679882553E-005   3.8770068740095100E-007   1.2463331650207350E-011   3.5678700194119239E-009   1.8583504752451357E-004   7.5905668571428331E-002   5.7249207601320186E-003   3.1636521862078944E-002   9.7852420730968020E-004   1.0904786533979168E-002   9.9577196999360350E-008   4.9400741665526727E-003   5.7436675350074559E-003   3.9737429966341220E-002  0.92882616394383721        9.0840967213939655E-004   8.8874862820637071E-002  0.77301009556360423        26.896994573527671     
           1   44.000000000000000        160.00000000000000                1   972.99455538029463        2.4784170658042160E-005   3.2416891407809226E-007   1.0420757570986466E-011   2.9831840838411687E-009   1.8522526814618537E-004   7.5260395199993030E-002   5.6731917954575186E-003   3.1367571887708168E-002   9.6967995749834644E-004   1.0876841563164083E-002   9.9329855356532665E-008   4.9170137068356278E-003   5.7238232280296683E-003   3.9552508165314679E-002  0.92568035225343714        9.0540587733688323E-004   8.8733462979028482E-002  0.77566115948436076        26.648031448223808     
           1   45.000000000000000        132.00000000000000                1   1259.3825417197143        3.4346632109025197E-005   1.7999966602513349E-006   5.7819253074802520E-011   1.6567513655053959E-008   2.4264973219261177E-004  0.10389716110481463        7.9195798575659154E-003   4.3303245387026748E-002   1.3537128098110203E-003   1.3429119943537628E-002   1.2247236227176812E-007   6.2100963684542923E-003   7.0812908548285964E-003   4.9942535764924419E-002   1.0965242547836243        1.0709447593976484E-003  0.10041718338146018       0.79417768917500431        33.486906552739477     
           1   45.000000000000000        134.00000000000000                1   1221.4505281449051        3.4756420166509425E-005   1.7028062473442945E-006   5.4705474891586190E-011   1.5672716672211415E-008   2.3917130847937702E-004  0.10236886379247144        7.7954251392890438E-003   4.2666246596757988E-002   1.3324844376350381E-003   1.3521967341281815E-002   1.2333150545493794E-007   6.2030656399349217E-003   7.0841322731928251E-003   4.9886782404821875E-002   1.0942174515790601        1.0688127282152261E-003  0.10040386688754994       0.80069462148235726        32.890437044816494     
           1   45.000000000000000        136.00000000000000                1   1186.3709819200583        3.5090880639976230E-005   1.6022188275678749E-006   5.1480367758098725E-011   1.4746685036100515E-008   2.3600529279464922E-004  0.10089656942180929        7.6759500700446714E-003   4.2052590345819367E-002   1.3120563076439251E-003   1.3598368211719563E-002   1.2404092229058217E-007   6.1923061775472051E-003   7.0828175264011813E-003   4.9801061237247514E-002   1.0915193301392652        1.0662982587544107E-003  0.10036442377051187       0.80697338939337426        32.321728313566304     
           1   45.000000000000000        138.00000000000000                1   1153.9390363071232        3.5353207278357501E-005   1.4990251002054866E-006   4.8169629688307954E-011   1.3796697483451174E-008   2.3313381580407889E-004   9.9479747470209379E-002   7.5611053505447784E-003   4.1462055494089052E-002   1.2924199856487052E-003   1.3659397037417885E-002   1.2461032994638441E-007   6.1781901103036578E-003   7.0777181184070925E-003   4.9688360503655257E-002   1.0884885335604848        1.0634580590404765E-003  0.10030179907534402       0.81300655484422157        31.780496091751221     
           1   45.000000000000000        140.00000000000000                1   1123.9701609366330        3.5547313053784844E-005   1.3940236414217743E-006   4.4799208136402120E-011   1.2830104571978693E-008   2.3054516122033921E-004   9.8120927916999889E-002   7.4510762974325318E-003   4.0895696490090498E-002   1.2736071420309544E-003   1.3706201236544965E-002   1.2505010950388587E-007   6.1611070330994788E-003   7.0692237927827417E-003   4.9551808643022693E-002   1.0851828391055858        1.0603479994095129E-003  0.10021905708607128       0.81878829181530643        31.266465026471689     
           1   45.000000000000000        142.00000000000000                1   1096.2980602916648        3.5677747375148061E-005   1.2880152276450332E-006   4.1395110543005306E-011   1.1854276452450041E-008   2.2822183596293638E-004   9.6820433338643888E-002   7.3458791024395313E-003   4.0353647757702643E-002   1.2556205375323689E-003   1.3739985886548248E-002   1.2537116734010778E-007   6.1414540057745329E-003   7.0577316717419349E-003   4.9394593910033979E-002   1.0816579870842811        1.0570219716623244E-003  0.10011912393436161       0.82431268993106266        30.779367934587953     
           1   45.000000000000000        144.00000000000000                1   1070.7728304933228        3.5749609442309010E-005   1.1817972704739400E-006   3.7983219624004967E-011   1.0876551679521413E-008   2.2615089891854002E-004   9.5580796635988299E-002   7.2456986432817535E-003   3.9836964961350883E-002   1.2384917669707579E-003   1.3761998704602072E-002   1.2558479882160142E-007   6.1196382282346449E-003   7.0436495974124788E-003   4.9219985927118022E-002   1.0779684123572169        1.0535326057492017E-003  0.10000495156682093       0.82957497459630902        30.318946577916115     
           1   45.000000000000000        146.00000000000000                1   1047.2593407711095        3.5768458579695614E-005   1.0761583869897188E-006   3.4589114207897952E-011   9.9041872801160942E-009   2.2431843298175368E-004   9.4404193756439270E-002   7.1506911348442051E-003   3.9346554987120232E-002   1.2222475245593353E-003   1.3773515449411433E-002   1.2570255580724352E-007   6.0960670914497533E-003   7.0273852419140059E-003   4.9031255719367610E-002   1.0741662365846356        1.0499302878662607E-003   9.9879412554742794E-002  0.83457090579848769        29.884951615432644     
           1   45.000000000000000        148.00000000000000                1   1025.6358109007817        3.5740222322978332E-005   9.7187315907900732E-007   3.1237897350145735E-011   8.9443105715090661E-009   2.2270796261571543E-004   9.3291727922840850E-002   7.0609314038257171E-003   3.8882877621794161E-002   1.2069005929501808E-003   1.3775825850789717E-002   1.2573611892750247E-007   6.0711499000714094E-003   7.0093485198751962E-003   4.8831689617461503E-002   1.0703015559939684        1.0462634437003290E-003   9.9745298470345814E-002  0.83929687842456624        29.477142823510782     
           1   45.000000000000000        150.00000000000000                1   1005.7925600357411        3.5671103122366879E-005   8.6969713984700723E-007   2.7954033566179822E-011   8.0038732622835529E-009   2.2129775090772163E-004   9.2242254179571881E-002   6.9763243187741172E-003   3.8445455638771477E-002   1.1924347046043822E-003   1.3770220134322926E-002   1.2569717525251719E-007   6.0452937143142867E-003   6.9899473085048673E-003   4.8624555868454322E-002   1.0664220462709006        1.0425781544899698E-003   9.9605147926507390E-002  0.84374857667810710        29.095289149077022     
           1   45.000000000000000        152.00000000000000                1   987.63090587242777        3.5567484648403292E-005   7.7036215439607822E-007   2.4761196648501829E-011   7.0896082697424017E-009   2.2007512247104564E-004   9.1258375142163894E-002   6.8970591298084284E-003   3.8035373756330239E-002   1.1788822009611978E-003   1.3757976185514336E-002   1.2559730175308158E-007   6.0189018871728856E-003   6.9695860308825880E-003   4.8413092912194061E-002   1.0625734104205620        1.0389185961597587E-003   9.9461592237512303E-002  0.84792369373275456        28.739170433884865     
           1   45.000000000000000        154.00000000000000                1   971.06219607981654        3.5435838769522739E-005   6.7457192559865513E-007   2.1682128971877550E-011   6.2079895340653127E-009   2.1902041267072019E-004   9.0339528978900865E-002   6.8230852032658759E-003   3.7652397787932140E-002   1.1662344206413121E-003   1.3740347386065244E-002   1.2544785485203978E-007   5.9923663217462597E-003   6.9486574165242001E-003   4.8200447171768558E-002   1.0587983886993964        1.0353260739377292E-003   9.9316995526588153E-002  0.85181927171046423        28.408576637734658     
           1   45.000000000000000        156.00000000000000                1   956.00695647408929        3.5282634288665684E-005   5.8299803937298233E-007   1.8738512649635049E-011   5.3651949611089997E-009   2.1811793584298423E-004   8.9486614665996236E-002   6.7544631525498309E-003   3.7296902396172379E-002   1.1545017179128577E-003   1.3718551149586204E-002   1.2525986631503277E-007   5.9660700546796380E-003   6.9275457759018205E-003   4.7989693876352615E-002   1.0551374153695898        1.0318396654343330E-003   9.9173629058445054E-002  0.85543298190238615        28.103309218413273     
           1   45.000000000000000        158.00000000000000                1   942.39414260337946        3.5114248481537432E-005   4.9627625147636164E-007   1.5950852483963939E-011   4.5670725107776849E-009   2.1735126260348259E-004   8.8699911077659718E-002   6.6912069597227031E-003   3.6969003793353890E-002   1.1436864767622908E-003   1.3693758181415364E-002   1.2504394570595570E-007   5.9403808082397966E-003   6.9066200767448089E-003   4.7783785255661210E-002   1.0516281057265384        1.0284957208349271E-003   9.9033621887526235E-002  0.85876284977183948        27.823181369073236     
           1   45.000000000000000        160.00000000000000                1   930.16048328333022        3.4936882388313430E-005   4.1500312967357639E-007   1.3338370377056670E-011   3.8191093728699386E-009   2.1670861640373524E-004   8.7981224543089986E-002   6.6334460601294130E-003   3.6669454816361108E-002   1.1338108150798227E-003   1.3667082485157247E-002   1.2481018961395700E-007   5.9156487999537620E-003   6.8862317599779014E-003   4.7585532967907608E-002   1.0483054498585276        1.0253280534159694E-003   9.8899007285489920E-002  0.86180758615092756        27.568019005533078     
