           1           1           1           1   1446.0656357644070     
           1           1           1           2   1402.5106358708310     
           1           1           1           3   1362.2309490502178     
           1           1           1           4   1324.9913394013968     
           1           1           1           5   1290.5799220262941     
           1           1           1           6   1258.8057499881709     
           1           1           1           7   1229.4966978616303     
           1           1           1           8   1202.4976032744787     
           1           1           1           9   1177.6686334670349     
           1           1           1          10   1154.8838486520881     
           1           1           1          11   1134.0299379941648     
           1           1           1          12   1115.0051074595301     
           1           1           1          13   1097.7181017175205     
           1           1           1          14   1082.0873447812951     
           1           1           1          15   1068.0401862300732     
           1           1           2           1   1379.4737111207687     
           1           1           2           2   1337.9244966208314     
           1           1           2           3   1299.4997611453928     
           1           1           2           4   1263.9751018315496     
           1           1           2           5   1231.1483914638566     
           1           1           2           6   1200.8374765574720     
           1           1           2           7   1172.8781583744606     
           1           1           2           8   1147.1224200510051     
           1           1           2           9   1123.4368683795449     
           1           1           2          10   1101.7013633285967     
           1           1           2          11   1081.8078122324284     
           1           1           2          12   1063.6591088575515     
           1           1           2          13   1047.1682003472536     
           1           1           2          14   1032.2572674373562     
           1           1           2          15   1018.8570053912822     
           1           1           3           1   1317.3779602403263     
           1           1           3           2   1277.6990999636685     
           1           1           3           3   1241.0040690214712     
           1           1           3           4   1207.0785661390455     
           1           1           3           5   1175.7295629418618     
           1           1           3           6   1146.7831056603984     
           1           1           3           7   1120.0823870317986     
           1           1           3           8   1095.4860532336616     
           1           1           3           9   1072.8667158099727     
           1           1           3          10   1052.1096428836422     
           1           1           3          11   1033.1116076261990     
           1           1           3          12   1015.7798750826378     
           1           1           3          13   1000.0313111177959     
           1           1           3          14   985.79159953503483     
           1           1           3          15   972.99455538029463     
           1           1           4           1   1259.3825417197143     
           1           1           4           2   1221.4505281449051     
           1           1           4           3   1186.3709819200583     
           1           1           4           4   1153.9390363071232     
           1           1           4           5   1123.9701609366330     
           1           1           4           6   1096.2980602916648     
           1           1           4           7   1070.7728304933228     
           1           1           4           8   1047.2593407711095     
           1           1           4           9   1025.6358109007817     
           1           1           4          10   1005.7925600357411     
           1           1           4          11   987.63090587242777     
           1           1           4          12   971.06219607981654     
           1           1           4          13   956.00695647408929     
           1           1           4          14   942.39414260337946     
           1           1           4          15   930.16048328333022     
