   1.6392177652742135E-005
   6.0864784599241896E-007
   1.9563980000068855E-011
   5.6017132459419064E-009
   1.3386278156019682E-004
   5.6483348522882455E-002
   4.2820882144793361E-003
   2.3541603712969265E-002
   7.3192836547695996E-004
   7.3269880836918455E-003
   6.6863377583451394E-008
   3.4652509565514917E-003
   3.9886390339838804E-003
   2.7870911949431990E-002
  0.66272000192216052     
   6.4770439711344112E-004
   6.2974104353441876E-002
  0.52363113153010421     
   21.362141959932799     
