           1           1           1           1   1399.0702564409660     
           1           1           1           2   1382.0600735750404     
           1           1           1           3   1369.6467029972384     
           1           1           1           4   1347.6314278529480     
           1           1           1           5   1330.3108878878641     
           1           1           1           6   1313.5912315354967     
           1           1           1           7   1295.6950316801431     
           1           1           1           8   1278.4914515247754     
           1           1           1           9   1261.9564690359559     
           1           1           1          10   1244.5130338691886     
           1           1           1          11   1229.3092457795892     
           1           1           1          12   1211.8570595615515     
           1           1           1          13   1195.2378154133330     
           1           1           1          14   1179.4201420833515     
           1           1           1          15   1164.3745676504775     
           1           1           1          16   1150.0734106725288     
           1           1           1          17   1134.2950022901309     
           1           1           1          18   1120.4855313689127     
           1           1           1          19   1106.4867053506182     
           1           1           1          20   1093.3606142166632     
           1           1           1          21   1081.0763699744191     
           1           1           1          22   1068.8164550154506     
           1           1           1          23   1057.4578115978663     
           1           1           1          24   1046.3019658837698     
           1           1           2           1   1382.7260343964795     
           1           1           2           2   1365.9145739710189     
           1           1           2           3   1353.6462233083535     
           1           1           2           4   1331.8881428785660     
           1           1           2           5   1314.7699511126295     
           1           1           2           6   1298.2456231001495     
           1           1           2           7   1280.5584966189649     
           1           1           2           8   1263.5558982662701     
           1           1           2           9   1247.2140866475729     
           1           1           2          10   1229.9744353982519     
           1           1           2          11   1214.9482664202517     
           1           1           2          12   1197.6999663490139     
           1           1           2          13   1181.2748774522211     
           1           1           2          14   1165.6419949749775     
           1           1           2          15   1150.7721913038013     
           1           1           2          16   1136.6381083867766     
           1           1           2          17   1121.0440321341030     
           1           1           2          18   1107.3958911191598     
           1           1           2          19   1093.5606071560139     
           1           1           2          20   1080.5878623015208     
           1           1           2          21   1068.4471294140951     
           1           1           2          22   1056.3304415795878     
           1           1           2          23   1045.1044961305684     
           1           1           2          24   1034.0789791879045     
           1           1           3           1   1366.6665540602637     
           1           1           3           2   1350.0503539169440     
           1           1           3           3   1337.9244966208314     
           1           1           3           4   1316.4191300386549     
           1           1           3           5   1299.4997611453928     
           1           1           3           6   1283.1673584469108     
           1           1           3           7   1265.6856628469693     
           1           1           3           8   1248.8805447760608     
           1           1           3           9   1232.7285385893272     
           1           1           3          10   1215.6891209179857     
           1           1           3          11   1200.8374765574720     
           1           1           3          12   1183.7895105126167     
           1           1           3          13   1167.5551942792977     
           1           1           3          14   1152.1038832141762     
           1           1           3          15   1137.4067880128548     
           1           1           3          16   1123.4368683795449     
           1           1           3          17   1108.0239128080266     
           1           1           3          18   1094.5342909973463     
           1           1           3          19   1080.8596998471480     
           1           1           3          20   1068.0376296615457     
           1           1           3          21   1056.0379078632075     
           1           1           3          22   1044.0619518393553     
           1           1           3          23   1032.9663924848803     
           1           1           3          24   1022.0689337159959     
           1           1           4           1   1350.8852394271771     
           1           1           4           2   1334.4609173673825     
           1           1           4           3   1322.4750852407085     
           1           1           4           4   1301.2180551263605     
           1           1           4           5   1284.4940651978845     
           1           1           4           6   1268.3502633815210     
           1           1           4           7   1251.0704402944777     
           1           1           4           8   1234.4593818532526     
           1           1           4           9   1218.4938933862275     
           1           1           4          10   1201.6512409496668     
           1           1           4          11   1186.9710981808851     
           1           1           4          12   1170.1199960793867     
           1           1           4          13   1154.0731480435757     
           1           1           4          14   1138.8002633040028     
           1           1           4          15   1124.2728850053254     
           1           1           4          16   1110.4642851038780     
           1           1           4          17   1095.2293129344052     
           1           1           4          18   1081.8954645400579     
           1           1           4          19   1068.3787827647911     
           1           1           4          20   1055.7047773392273     
           1           1           4          21   1043.8436241086999     
           1           1           4          22   1032.0059622117810     
           1           1           4          23   1021.0385304713149     
           1           1           4          24   1010.2669117187435     
           1           1           5           1   1335.3757032404410     
           1           1           5           2   1319.1399547301269     
           1           1           5           3   1307.2917362523719     
           1           1           5           4   1286.2787657427391     
           1           1           5           5   1269.7467899527501     
           1           1           5           6   1253.7883409247222     
           1           1           5           7   1236.7069136921380     
           1           1           5           8   1220.2865727760654     
           1           1           5           9   1204.5043898114054     
           1           1           5          10   1187.8551139091126     
           1           1           5          11   1173.3435191232813     
           1           1           5          12   1156.6858905647468     
           1           1           5          13   1140.8232821400954     
           1           1           5          14   1125.7257508593129     
           1           1           5          15   1111.3651665906691     
           1           1           5          16   1097.7151081649911     
           1           1           5          17   1082.6550541589897     
           1           1           5          18   1069.4742964438685     
           1           1           5          19   1056.1128045208920     
           1           1           5          20   1043.5843138771788     
           1           1           5          21   1031.8593427801804     
           1           1           5          22   1020.1575933023759     
           1           1           5          23   1009.3160825562895     
           1           1           5          24   998.66813659754428     
           1           1           6           1   1320.1317405276563     
           1           1           6           2   1304.0813364808378     
           1           1           6           3   1292.3683751905460     
           1           1           6           4   1271.5952850704768     
           1           1           6           5   1255.2520354173066     
           1           1           6           6   1239.4757652432590     
           1           1           6           7   1222.5893365846478     
           1           1           6           8   1206.3564473950491     
           1           1           6           9   1190.7544310557116     
           1           1           6          10   1174.2952203568884     
           1           1           6          11   1159.9492873810732     
           1           1           6          12   1143.4818193736382     
           1           1           6          13   1127.8002956878283     
           1           1           6          14   1112.8751151577783     
           1           1           6          15   1098.6784687806344     
           1           1           6          16   1085.1842370068659     
           1           1           6          17   1070.2961059103013     
           1           1           6          18   1057.2658173886807     
           1           1           6          19   1044.0568578866016     
           1           1           6          20   1031.6713902668259     
           1           1           6          21   1020.0802693553572     
           1           1           6          22   1008.5121049672274     
           1           1           6          23   997.79435897670476     
           1           1           6          24   987.26796807061714     
           1           1           7           1   1305.1473223936264     
           1           1           7           2   1289.2791070313399     
           1           1           7           3   1277.6990999636685     
           1           1           7           4   1257.1618058949589     
           1           1           7           5   1241.0040690214712     
           1           1           7           6   1225.4068758220094     
           1           1           7           7   1208.7121255822678     
           1           1           7           8   1192.6634964609370     
           1           1           7           9   1177.2385791289726     
           1           1           7          10   1160.9661974769629     
           1           1           7          11   1146.7831056603984     
           1           1           7          12   1130.5025604240482     
           1           1           7          13   1114.9990382269689     
           1           1           7          14   1100.2432739073590     
           1           1           7          15   1086.2077741235030     
           1           1           7          16   1072.8667158099727     
           1           1           7          17   1058.1475803673325     
           1           1           7          18   1045.2651990666996     
           1           1           7          19   1032.2061748833837     
           1           1           7          20   1019.9612950977415     
           1           1           7          21   1008.5017453639015     
           1           1           7          22   997.06489157124838     
           1           1           7          23   986.46880304860724     
           1           1           7          24   976.06189753115348     
           1           1           8           1   1290.4165900583789     
           1           1           8           2   1274.7274788401498     
           1           1           8           3   1263.2781750173322     
           1           1           8           4   1242.9726848615330     
           1           1           8           5   1226.9973199488375     
           1           1           8           6   1211.5761718663216     
           1           1           8           7   1195.0698548394498     
           1           1           8           8   1179.2023661765927     
           1           1           8           9   1163.9515494823786     
           1           1           8          10   1147.8628337734519     
           1           1           8          11   1133.8398261386674     
           1           1           8          12   1117.7430389829553     
           1           1           8          13   1102.4145046257092     
           1           1           8          14   1087.8252882204727     
           1           1           8          15   1073.9482067423894     
           1           1           8          16   1060.7577285905013     
           1           1           8          17   1046.2047276260671     
           1           1           8          18   1033.4677494078032     
           1           1           8          19   1020.5561220680257     
           1           1           8          20   1008.4494498986286     
           1           1           8          21   997.11924378077344     
           1           1           8          22   985.81147743376232     
           1           1           8          23   975.33498666116725     
           1           1           8          24   965.04554358886230     
           1           1           9           1   1275.9338491294025     
           1           1           9           2   1260.4208267543413     
           1           1           9           3   1249.1000257269727     
           1           1           9           4   1229.0224369583452     
           1           1           9           5   1213.2263736904411     
           1           1           9           6   1197.9783069242301     
           1           1           9           7   1181.6572507503208     
           1           1           9           8   1165.9678529629502     
           1           1           9           9   1150.8882058421500     
           1           1           9          10   1134.9800639756893     
           1           1           9          11   1121.1144454319015     
           1           1           9          12   1105.1983227051080     
           1           1           9          13   1090.0418301870552     
           1           1           9          14   1075.6163577856164     
           1           1           9          15   1061.8950275684510     
           1           1           9          16   1048.8525944921428     
           1           1           9          17   1034.4629310558394     
           1           1           9          18   1021.8689079924580     
           1           1           9          19   1009.1021960028845     
           1           1           9          20   997.13140466127504     
           1           1           9          21   985.92836460048841     
           1           1           9          22   974.74751245297875     
           1           1           9          23   964.38860594768062     
           1           1           9          24   954.21464778663528     
           1           1          10           1   1261.6935640975930     
           1           1          10           2   1246.3536825724445     
           1           1          10           3   1235.1592330096141     
           1           1          10           4   1215.3057302147049     
           1           1          10           5   1199.6859668112677     
           1           1          10           6   1184.6080837187617     
           1           1          10           7   1168.4691868514117     
           1           1          10           8   1152.9548984294024     
           1           1          10           9   1138.0435552449771     
           1           1          10          10   1122.3129641423197     
           1           1          10          11   1108.6020997586277     
           1           1          10          12   1092.8636168656126     
           1           1          10          13   1077.8762859468125     
           1           1          10          14   1063.6118162275500     
           1           1          10          15   1050.0436297602948     
           1           1          10          16   1037.1467632617505     
           1           1          10          17   1022.9177028370912     
           1           1          10          18   1010.4642416437982     
           1           1          10          19   997.84001890304467     
           1           1          10          20   986.00283353940324     
           1           1          10          21   974.92483058428047     
           1           1          10          22   963.86876790138149     
           1           1          10          23   953.62547712563344     
           1           1          10          24   943.56507048451147     
           1           1          11           1   1247.6903530470372     
           1           1          11           2   1232.5207298185412     
           1           1          11           3   1221.4505281449051     
           1           1          11           4   1201.8173806053844     
           1           1          11           5   1186.3709819200583     
           1           1          11           6   1171.4604491809621     
           1           1          11           7   1155.5006789223587     
           1           1          11           8   1140.1585845395994     
           1           1          11           9   1125.4127432663415     
           1           1          11          10   1109.8567469555749     
           1           1          11          11   1096.2980602916648     
           1           1          11          12   1080.7342597776981     
           1           1          11          13   1065.9132741542019     
           1           1          11          14   1051.8071266477577     
           1           1          11          15   1038.3895343013141     
           1           1          11          16   1025.6358109007817     
           1           1          11          17   1011.5646796724764     
           1           1          11          18   999.24944019096483     
           1           1          11          19   986.76533445260247     
           1           1          11          20   975.05953071454826     
           1           1          11          21   964.10448317246596     
           1           1          11          22   953.17113238445188     
           1           1          11          23   943.04153249839601     
           1           1          11          24   933.09278690356200     
